0.000010 0.000010 0.023683 0.546976 0.000748 0.000010 0.000010 0.000010 0.428544
0.000010 0.000010 0.019271 0.529453 0.000020 0.000010 0.000010 0.000010 0.451206
0.000010 0.000010 0.000010 0.555281 0.000010 0.000010 0.000010 0.013072 0.431587
0.000010 0.000010 0.055294 0.512047 0.000010 0.000010 0.000010 0.000010 0.432599
0.000010 0.000010 0.014582 0.475975 0.000010 0.000010 0.000010 0.000010 0.509383
0.000010 0.000010 0.016972 0.481843 0.000010 0.000010 0.000010 0.002713 0.498423
0.000010 0.000010 0.025486 0.457677 0.000010 0.000010 0.000010 0.000010 0.516777
0.000010 0.000010 0.032882 0.554884 0.000010 0.000010 0.000010 0.000010 0.412174
0.010484 0.000010 0.036408 0.604030 0.000010 0.000010 0.000010 0.000010 0.349027
0.000010 0.000010 0.021140 0.450316 0.000010 0.000010 0.000010 0.000010 0.528484
0.000010 0.000010 0.046352 0.468744 0.000010 0.000010 0.000010 0.000010 0.484844
0.000010 0.000010 0.000010 0.513766 0.012894 0.000010 0.000010 0.000010 0.473280
0.000010 0.000010 0.000010 0.483589 0.000010 0.023366 0.000010 0.000010 0.492985
0.000010 0.000010 0.002677 0.527974 0.000010 0.000010 0.000010 0.000010 0.469289
0.000010 0.000010 0.035059 0.560677 0.000010 0.000010 0.000010 0.000010 0.404204
0.000010 0.000010 0.063842 0.446832 0.000010 0.000010 0.000010 0.006791 0.482485
0.000010 0.000010 0.028976 0.585077 0.000010 0.000010 0.000010 0.000010 0.385887
0.000010 0.000010 0.031494 0.467746 0.000010 0.000010 0.005044 0.000010 0.495666
0.000010 0.000010 0.000010 0.493192 0.000010 0.000010 0.000010 0.000010 0.506738
0.000010 0.000010 0.013907 0.536888 0.000010 0.000010 0.000010 0.000010 0.449145
0.000010 0.000010 0.000010 0.431290 0.000010 0.000010 0.000010 0.000010 0.568640
0.000010 0.000010 0.000010 0.535759 0.000010 0.000010 0.000010 0.000010 0.464171
0.000010 0.000010 0.032044 0.456244 0.000010 0.000010 0.000010 0.004024 0.507638
0.010362 0.000010 0.000878 0.468078 0.000010 0.000010 0.000010 0.019326 0.501316
0.000010 0.000010 0.000010 0.552647 0.000010 0.000010 0.000010 0.000010 0.447283
0.000010 0.000010 0.014103 0.454388 0.000010 0.000010 0.000010 0.011889 0.519571
0.000010 0.000010 0.031002 0.496377 0.000010 0.000010 0.000010 0.000010 0.472561
0.000010 0.000010 0.042567 0.517961 0.000010 0.000010 0.000010 0.011387 0.428034
0.000010 0.000010 0.009120 0.545497 0.000010 0.000010 0.000010 0.000010 0.445323
0.000010 0.000010 0.005047 0.476773 0.000010 0.000010 0.000010 0.000010 0.518120
0.000010 0.000010 0.025091 0.560928 0.000010 0.000010 0.000010 0.000010 0.413921
0.000010 0.000010 0.042513 0.408349 0.000010 0.000010 0.000010 0.000010 0.549078
0.000010 0.000010 0.000010 0.464803 0.000010 0.000010 0.000010 0.000010 0.535127
0.000010 0.000010 0.015396 0.452524 0.000010 0.023001 0.000010 0.000010 0.509029
0.000010 0.000010 0.012468 0.476895 0.000010 0.000010 0.000010 0.000010 0.510577
0.000010 0.000010 0.000010 0.442023 0.000010 0.000010 0.000010 0.000010 0.557907
0.000010 0.000010 0.006107 0.435844 0.000010 0.000010 0.000010 0.000010 0.557989
0.000010 0.000010 0.015959 0.432139 0.000010 0.000010 0.000010 0.015226 0.536626
0.000010 0.000010 0.043584 0.534096 0.000010 0.000010 0.000010 0.001637 0.420632
0.000010 0.000010 0.026963 0.551979 0.000010 0.000010 0.000010 0.000010 0.420999
0.000010 0.000010 0.000010 0.348567 0.000010 0.000010 0.000010 0.007565 0.643808
0.000010 0.000010 0.000010 0.553850 0.000010 0.000010 0.000010 0.023054 0.423035
0.000010 0.000010 0.012973 0.481439 0.000010 0.000010 0.000010 0.000442 0.505096
0.000010 0.000010 0.009879 0.552785 0.000010 0.000010 0.000010 0.000010 0.437275
0.000010 0.000010 0.009038 0.513745 0.000010 0.000010 0.000010 0.000010 0.477157
0.000010 0.000010 0.015205 0.568781 0.000010 0.000010 0.000010 0.000010 0.415955
0.000010 0.000010 0.000010 0.436779 0.000010 0.000010 0.000010 0.000010 0.563151
0.000010 0.000010 0.000010 0.402822 0.000010 0.000010 0.000010 0.000010 0.597108
0.000010 0.000010 0.000010 0.485240 0.000010 0.000010 0.000010 0.012149 0.502551
0.000010 0.000010 0.000010 0.420156 0.000010 0.000010 0.000010 0.006565 0.573219
0.000010 0.000010 0.000010 0.398372 0.001607 0.000010 0.000010 0.006355 0.593616
0.000010 0.000010 0.018070 0.440722 0.000010 0.000010 0.000010 0.007928 0.533230
0.000010 0.000010 0.002610 0.363806 0.000010 0.000010 0.000010 0.000010 0.633524
0.000010 0.000010 0.000010 0.462557 0.000010 0.000010 0.000010 0.008819 0.528564
0.000010 0.000010 0.012232 0.448768 0.000010 0.000010 0.000010 0.000010 0.538940
0.000010 0.000010 0.033020 0.578961 0.000010 0.000010 0.000010 0.000010 0.387959
0.000010 0.000010 0.031591 0.419629 0.000010 0.000010 0.000010 0.013171 0.535559
0.000010 0.000010 0.002561 0.543935 0.000010 0.000010 0.000010 0.000010 0.453444
0.000010 0.000010 0.000010 0.476092 0.000010 0.000010 0.000010 0.000010 0.523838
0.000010 0.000010 0.020953 0.476942 0.000010 0.000010 0.000010 0.000010 0.502046
0.000010 0.000010 0.017669 0.488395 0.000010 0.000010 0.000010 0.000010 0.493876
0.000010 0.000010 0.002544 0.334413 0.000010 0.000010 0.000010 0.045429 0.617564
0.000010 0.000010 0.000010 0.578009 0.003722 0.000010 0.000010 0.000010 0.418209
0.000010 0.000010 0.037261 0.577561 0.000010 0.000010 0.000010 0.002806 0.382323
0.058029 0.000010 0.000010 0.938726 0.000010 0.000010 0.000010 0.003185 0.000010
0.081369 0.000010 0.009625 0.851601 0.000010 0.000010 0.000010 0.014630 0.042734
0.000010 0.000010 0.000010 0.855053 0.025681 0.000010 0.000010 0.000010 0.119206
0.000010 0.000010 0.000010 0.918700 0.068431 0.000010 0.000010 0.012809 0.000010
0.062856 0.000010 0.000010 0.877206 0.027456 0.000010 0.000010 0.032432 0.000010
0.025963 0.000010 0.010152 0.870254 0.000010 0.000010 0.000010 0.006490 0.087101
0.022800 0.000010 0.047167 0.855103 0.000010 0.000010 0.000010 0.009939 0.064951
0.020991 0.000010 0.000699 0.860463 0.002464 0.000010 0.000010 0.000010 0.115343
0.016520 0.000010 0.035861 0.802707 0.000010 0.000010 0.000010 0.000010 0.144863
0.022616 0.000010 0.000010 0.811461 0.000010 0.000010 0.000010 0.000010 0.165863
0.048470 0.000010 0.029153 0.905662 0.016665 0.000010 0.000010 0.000010 0.000010
0.040524 0.000010 0.003427 0.943250 0.012749 0.000010 0.000010 0.000010 0.000010
0.031219 0.000010 0.012121 0.936437 0.000010 0.000010 0.000010 0.020173 0.000010
0.052360 0.000010 0.000010 0.931432 0.000010 0.000010 0.000010 0.016149 0.000010
0.000010 0.000010 0.000010 0.869937 0.047828 0.000010 0.000010 0.009080 0.073106
0.040066 0.000010 0.001811 0.940970 0.000010 0.000010 0.000010 0.017103 0.000010
0.052597 0.000010 0.009697 0.907230 0.000010 0.000010 0.000010 0.000010 0.030426
0.000010 0.000010 0.000010 0.338095 0.000010 0.000010 0.000010 0.014631 0.647214
0.000010 0.000010 0.017714 0.505261 0.000010 0.000010 0.000010 0.000010 0.476965
0.000010 0.000010 0.013484 0.447691 0.000010 0.000010 0.000010 0.000010 0.538765
0.000010 0.000010 0.023833 0.505042 0.000010 0.000010 0.000010 0.000010 0.471065
0.000010 0.000010 0.000010 0.449601 0.000010 0.000010 0.000010 0.000010 0.550329
0.000010 0.000010 0.000010 0.438984 0.000010 0.000010 0.000010 0.017691 0.543265
0.000010 0.000010 0.000010 0.408091 0.000010 0.000010 0.000010 0.000010 0.591839
0.000010 0.000010 0.000010 0.476385 0.000010 0.000010 0.000010 0.000010 0.523545
0.000010 0.000010 0.025972 0.555116 0.000010 0.000010 0.000010 0.000010 0.418852
0.000010 0.000010 0.002455 0.416598 0.000010 0.000010 0.000010 0.000010 0.580888
0.000010 0.000010 0.000010 0.442302 0.000010 0.000010 0.000010 0.007222 0.550416
0.000010 0.000010 0.015979 0.422940 0.000010 0.000010 0.000010 0.019929 0.541103
0.000010 0.000010 0.020994 0.502571 0.006597 0.000010 0.000010 0.004436 0.465362
0.000010 0.000010 0.088556 0.444051 0.000010 0.000010 0.000010 0.000010 0.467333
0.000010 0.000010 0.000010 0.415284 0.000010 0.000010 0.000010 0.034627 0.550029
0.000010 0.000010 0.012060 0.576745 0.000010 0.000010 0.000010 0.006642 0.404504
0.000010 0.000010 0.001724 0.608371 0.000010 0.000010 0.000010 0.008034 0.381821
0.000010 0.000010 0.000010 0.600416 0.000010 0.000010 0.000010 0.000010 0.399514
0.000010 0.000010 0.010819 0.499710 0.000010 0.000010 0.000010 0.001553 0.487868
0.000010 0.000010 0.010674 0.477863 0.000010 0.000010 0.000010 0.000010 0.511403
0.000010 0.000010 0.000010 0.403696 0.000010 0.000010 0.000010 0.000010 0.596234
0.000010 0.000010 0.004255 0.419154 0.000010 0.000010 0.000010 0.009710 0.566831
0.000010 0.000010 0.000010 0.530628 0.000010 0.000010 0.000010 0.000010 0.469302
0.000010 0.000010 0.000010 0.497531 0.000010 0.000010 0.000010 0.000010 0.502399
0.000010 0.000010 0.000010 0.402763 0.000010 0.000010 0.000010 0.000010 0.597167
0.000010 0.000010 0.000010 0.519976 0.000010 0.000010 0.000010 0.000010 0.479954
0.000010 0.000010 0.000010 0.359830 0.000010 0.000010 0.000010 0.000010 0.640100
0.000010 0.000010 0.000010 0.438784 0.000010 0.000010 0.000010 0.009261 0.551895
0.000010 0.000010 0.003123 0.563751 0.002820 0.000010 0.000010 0.000010 0.430257
0.000010 0.000010 0.014826 0.467628 0.000010 0.000010 0.000010 0.000010 0.517486
0.000010 0.000010 0.000010 0.452084 0.000010 0.000010 0.000010 0.003336 0.544520
0.000010 0.000010 0.014513 0.342063 0.000010 0.000010 0.000010 0.000010 0.643364
0.000010 0.000010 0.034067 0.556081 0.000010 0.000010 0.000010 0.000010 0.409792
0.000010 0.000010 0.000010 0.582678 0.000010 0.000010 0.000010 0.000010 0.417252
0.056361 0.000010 0.024159 0.847664 0.000010 0.000010 0.000010 0.000010 0.071766
0.066263 0.000010 0.000010 0.933667 0.000010 0.000010 0.000010 0.000010 0.000010
0.021291 0.000010 0.000010 0.850829 0.015626 0.000010 0.000010 0.000010 0.112204
0.040988 0.000010 0.023338 0.883794 0.000010 0.000010 0.000010 0.051830 0.000010
0.000010 0.000010 0.016672 0.912775 0.070494 0.000010 0.000010 0.000010 0.000010
0.041643 0.000010 0.000010 0.919671 0.000010 0.000010 0.000010 0.038626 0.000010
0.052654 0.000010 0.013080 0.891301 0.025630 0.000010 0.000010 0.017295 0.000010
0.019361 0.000010 0.000010 0.771921 0.025171 0.000016 0.000010 0.000010 0.183491
0.000010 0.000010 0.000010 0.996443 0.003487 0.000010 0.000010 0.000010 0.000010
0.033031 0.000010 0.020405 0.859172 0.014388 0.000010 0.000010 0.000010 0.072964
0.043804 0.000010 0.033434 0.915154 0.000010 0.000010 0.000010 0.007558 0.000010
0.000010 0.000010 0.009221 0.827005 0.020405 0.000010 0.000010 0.018686 0.124643
0.020935 0.000010 0.042281 0.905633 0.000010 0.000010 0.000010 0.031101 0.000010
0.030274 0.000010 0.000010 0.968664 0.000010 0.000010 0.000010 0.000010 0.001003
0.042419 0.000010 0.017825 0.752772 0.000010 0.000010 0.000010 0.010694 0.176251
0.054428 0.000010 0.000010 0.936568 0.000010 0.000010 0.000010 0.000010 0.008944
0.036955 0.000010 0.037258 0.920803 0.002746 0.000010 0.000010 0.002199 0.000010
0.018918 0.000010 0.015809 0.941038 0.003485 0.000010 0.000010 0.020710 0.000010
0.000010 0.000010 0.005873 0.883049 0.000010 0.000010 0.000010 0.034360 0.076668
0.007771 0.000010 0.000010 0.937835 0.040120 0.000010 0.000010 0.014224 0.000010
0.019978 0.000010 0.000010 0.958225 0.001981 0.000010 0.000010 0.019767 0.000010
0.007780 0.000010 0.000010 0.786076 0.000010 0.000010 0.000010 0.005796 0.200298
0.000010 0.000010 0.053154 0.783103 0.000010 0.000010 0.000010 0.007123 0.156571
0.000010 0.000010 0.024406 0.887344 0.050735 0.000010 0.000010 0.014068 0.023406
0.029027 0.000010 0.000010 0.964675 0.000010 0.000010 0.000010 0.006237 0.000010
0.018833 0.000010 0.049578 0.827036 0.000010 0.000010 0.000010 0.008767 0.095746
0.005697 0.000010 0.000010 0.932533 0.030939 0.000010 0.000010 0.030782 0.000010
0.034952 0.000010 0.037494 0.884723 0.030934 0.000010 0.000010 0.011858 0.000010
0.026156 0.000010 0.000010 0.654758 0.005186 0.000010 0.000010 0.024729 0.289130
0.028545 0.000010 0.000010 0.955218 0.000091 0.000010 0.000010 0.016096 0.000010
0.074599 0.000010 0.026329 0.899012 0.000010 0.000010 0.000010 0.000010 0.000010
0.020138 0.000010 0.018656 0.954049 0.000010 0.000010 0.000010 0.007108 0.000010
0.050290 0.000010 0.000010 0.921498 0.000010 0.000010 0.000010 0.028152 0.000010
0.027459 0.000010 0.000010 0.953226 0.000010 0.000010 0.000010 0.019256 0.000010
0.000010 0.000010 0.031775 0.924937 0.030176 0.000010 0.000010 0.013062 0.000010
0.049128 0.000010 0.000010 0.920936 0.008927 0.000010 0.000010 0.020959 0.000010
0.037108 0.000010 0.024715 0.866560 0.000010 0.000010 0.000010 0.000010 0.071567
0.005854 0.000010 0.039184 0.868248 0.033956 0.000010 0.000010 0.024962 0.027766
0.082538 0.000010 0.033472 0.699544 0.000010 0.000010 0.000010 0.040078 0.144327
0.034600 0.000010 0.000010 0.832349 0.012176 0.000010 0.000010 0.041466 0.079368
0.000010 0.000010 0.000010 0.809492 0.031665 0.000010 0.000010 0.003320 0.155473
0.013126 0.000010 0.014472 0.969591 0.000010 0.000010 0.000010 0.002760 0.000010
0.060154 0.000010 0.000010 0.939776 0.000010 0.000010 0.000010 0.000010 0.000010
0.000010 0.000010 0.000010 0.768143 0.005544 0.000010 0.000010 0.003525 0.222738
0.000010 0.000010 0.038123 0.949753 0.000010 0.000010 0.000010 0.012064 0.000010
0.000010 0.000010 0.000010 0.936461 0.045316 0.000010 0.000010 0.018163 0.000010
0.030102 0.000010 0.085619 0.706370 0.000010 0.000010 0.000010 0.010110 0.167759
0.041018 0.000010 0.000010 0.938936 0.000010 0.000010 0.000010 0.019986 0.000010
0.021515 0.000010 0.022762 0.955663 0.000010 0.000010 0.000010 0.000010 0.000010
0.000010 0.000010 0.031846 0.717176 0.036404 0.000010 0.000010 0.003235 0.211299
0.054375 0.000010 0.033852 0.855069 0.000010 0.000010 0.000010 0.016857 0.039806
0.000010 0.000010 0.000010 0.809781 0.022230 0.000010 0.000010 0.013073 0.154866
0.037105 0.000010 0.000010 0.924199 0.005901 0.000010 0.000010 0.032745 0.000010
0.003688 0.000010 0.000010 0.765497 0.000010 0.000010 0.000010 0.000010 0.230755
0.000010 0.000010 0.000010 0.992208 0.007722 0.000010 0.000010 0.000010 0.000010
0.007339 0.000010 0.000010 0.936518 0.018866 0.000010 0.000010 0.037227 0.000010
0.012644 0.000010 0.000010 0.828656 0.000010 0.000010 0.000010 0.000010 0.158640
0.016162 0.000010 0.000010 0.933759 0.024468 0.000010 0.000010 0.000010 0.025561
0.032097 0.000010 0.013666 0.905856 0.000010 0.000010 0.000010 0.009994 0.038347
0.048733 0.000010 0.000010 0.929373 0.000010 0.000010 0.000010 0.021834 0.000010
0.016121 0.000010 0.046543 0.709455 0.015675 0.000010 0.000010 0.000010 0.212166
0.023904 0.000010 0.000010 0.910272 0.000010 0.000010 0.000010 0.000010 0.065763
0.012052 0.000010 0.000010 0.944754 0.008683 0.000010 0.000010 0.034461 0.000010
0.048798 0.000010 0.000010 0.912917 0.020984 0.000010 0.000010 0.017250 0.000010
0.020191 0.000010 0.000010 0.942323 0.000010 0.000010 0.000010 0.037426 0.000010
0.029542 0.000010 0.025539 0.914647 0.000010 0.000010 0.000010 0.000010 0.030222
0.000010 0.000010 0.019500 0.936467 0.037039 0.000010 0.000010 0.006944 0.000010
0.009836 0.000010 0.000010 0.929680 0.026200 0.000010 0.000010 0.028437 0.005807
0.062255 0.000010 0.019476 0.905410 0.000010 0.000010 0.000010 0.012808 0.000010
0.000010 0.000010 0.007522 0.956438 0.016077 0.000010 0.000010 0.019912 0.000010
0.082856 0.000010 0.015043 0.877014 0.000010 0.000010 0.000010 0.025037 0.000010
0.111910 0.000010 0.000010 0.873457 0.000010 0.000010 0.000010 0.014573 0.000010
0.079627 0.000010 0.000010 0.891236 0.000010 0.000010 0.000010 0.029076 0.000010
0.043440 0.000010 0.000010 0.947989 0.000010 0.000010 0.000010 0.008511 0.000010
0.017873 0.000010 0.000010 0.935145 0.000010 0.000010 0.000010 0.000010 0.046922
0.057137 0.000010 0.000010 0.923396 0.002067 0.000010 0.000010 0.017349 0.000010
0.044413 0.000010 0.000010 0.955517 0.000010 0.000010 0.000010 0.000010 0.000010
0.014394 0.000010 0.012160 0.879021 0.000010 0.000010 0.000010 0.028228 0.066158
0.003660 0.000010 0.018732 0.790399 0.000010 0.000010 0.000010 0.006156 0.181014
0.043371 0.000010 0.011601 0.920402 0.000010 0.000010 0.000010 0.000010 0.024577
0.024591 0.000010 0.000010 0.975339 0.000010 0.000010 0.000010 0.000010 0.000010
0.019830 0.000010 0.000010 0.980100 0.000010 0.000010 0.000010 0.000010 0.000010
0.033575 0.000010 0.000010 0.941084 0.000010 0.000010 0.000010 0.025280 0.000010
0.465193 0.000010 0.000010 0.000010 0.534737 0.000010 0.000010 0.000010 0.000010
0.359290 0.000010 0.000010 0.000010 0.640640 0.000010 0.000010 0.000010 0.000010
0.302764 0.000010 0.000010 0.000010 0.697166 0.000010 0.000010 0.000010 0.000010
0.366699 0.000010 0.000010 0.000010 0.633231 0.000010 0.000010 0.000010 0.000010
0.361928 0.000010 0.000010 0.000010 0.638002 0.000010 0.000010 0.000010 0.000010
0.381204 0.000010 0.000010 0.000010 0.618726 0.000010 0.000010 0.000010 0.000010
0.480420 0.000010 0.000010 0.000010 0.519510 0.000010 0.000010 0.000010 0.000010
0.418636 0.000010 0.000010 0.000010 0.581294 0.000010 0.000010 0.000010 0.000010
0.543825 0.000010 0.000010 0.000010 0.456105 0.000010 0.000010 0.000010 0.000010
0.456881 0.000010 0.000010 0.000010 0.543049 0.000010 0.000010 0.000010 0.000010
0.376611 0.000010 0.000010 0.000010 0.623319 0.000010 0.000010 0.000010 0.000010
0.437506 0.000010 0.000010 0.000010 0.562424 0.000010 0.000010 0.000010 0.000010
0.361725 0.000010 0.000010 0.000010 0.638205 0.000010 0.000010 0.000010 0.000010
0.491368 0.000010 0.000010 0.000010 0.508562 0.000010 0.000010 0.000010 0.000010
0.376328 0.000010 0.000010 0.000010 0.623602 0.000010 0.000010 0.000010 0.000010
0.409802 0.000010 0.000010 0.000010 0.587262 0.000010 0.000010 0.002876 0.000010
0.287670 0.000010 0.000010 0.000010 0.712260 0.000010 0.000010 0.000010 0.000010
0.362176 0.000010 0.000010 0.000010 0.637754 0.000010 0.000010 0.000010 0.000010
0.327742 0.000010 0.000010 0.000010 0.672188 0.000010 0.000010 0.000010 0.000010
0.422256 0.000010 0.000010 0.000010 0.577674 0.000010 0.000010 0.000010 0.000010
0.348300 0.000010 0.000010 0.000010 0.651630 0.000010 0.000010 0.000010 0.000010
0.274530 0.000010 0.000010 0.000010 0.725400 0.000010 0.000010 0.000010 0.000010
0.300205 0.000010 0.000010 0.000010 0.699725 0.000010 0.000010 0.000010 0.000010
0.237687 0.000013 0.000010 0.000010 0.762240 0.000010 0.000010 0.000010 0.000010
0.439777 0.000010 0.000010 0.000010 0.560153 0.000010 0.000010 0.000010 0.000010
0.320886 0.000010 0.000010 0.000010 0.679044 0.000010 0.000010 0.000010 0.000010
0.395506 0.000010 0.000010 0.000010 0.604424 0.000010 0.000010 0.000010 0.000010
0.424198 0.000010 0.000010 0.000010 0.575732 0.000010 0.000010 0.000010 0.000010
0.429302 0.000010 0.000010 0.000010 0.570628 0.000010 0.000010 0.000010 0.000010
0.395134 0.000010 0.000010 0.000010 0.604796 0.000010 0.000010 0.000010 0.000010
0.451194 0.000010 0.000010 0.000010 0.548736 0.000010 0.000010 0.000010 0.000010
0.498860 0.000010 0.000010 0.000010 0.501070 0.000010 0.000010 0.000010 0.000010
0.452685 0.000010 0.000010 0.000010 0.547245 0.000010 0.000010 0.000010 0.000010
0.482960 0.000010 0.000010 0.000010 0.516970 0.000010 0.000010 0.000010 0.000010
0.402519 0.000010 0.000010 0.000010 0.597411 0.000010 0.000010 0.000010 0.000010
0.437237 0.000010 0.000010 0.000010 0.562693 0.000010 0.000010 0.000010 0.000010
0.408812 0.000010 0.000010 0.000010 0.591118 0.000010 0.000010 0.000010 0.000010
0.428121 0.000010 0.000010 0.000010 0.571809 0.000010 0.000010 0.000010 0.000010
0.445511 0.000010 0.000010 0.000010 0.554419 0.000010 0.000010 0.000010 0.000010
0.455655 0.000010 0.000010 0.000010 0.544275 0.000010 0.000010 0.000010 0.000010
0.387101 0.000010 0.000010 0.000010 0.612829 0.000010 0.000010 0.000010 0.000010
0.380665 0.000010 0.000010 0.000010 0.619265 0.000010 0.000010 0.000010 0.000010
0.431795 0.000010 0.000010 0.000010 0.568135 0.000010 0.000010 0.000010 0.000010
0.365697 0.000010 0.000010 0.000010 0.634233 0.000010 0.000010 0.000010 0.000010
0.351111 0.000010 0.000010 0.000010 0.648819 0.000010 0.000010 0.000010 0.000010
0.518444 0.000010 0.000010 0.000010 0.481486 0.000010 0.000010 0.000010 0.000010
0.430224 0.000010 0.000010 0.000010 0.569706 0.000010 0.000010 0.000010 0.000010
0.521084 0.000010 0.000010 0.000010 0.477292 0.000010 0.000010 0.001564 0.000010
0.451207 0.000010 0.000010 0.000010 0.548723 0.000010 0.000010 0.000010 0.000010
0.463346 0.000010 0.000010 0.000010 0.536583 0.000010 0.000010 0.000010 0.000010
0.475919 0.000010 0.000016 0.000010 0.524005 0.000010 0.000010 0.000010 0.000010
0.380314 0.000010 0.000010 0.000010 0.619616 0.000010 0.000010 0.000010 0.000010
0.453964 0.000010 0.000010 0.000013 0.545963 0.000010 0.000010 0.000010 0.000010
0.396466 0.000010 0.000010 0.000010 0.603460 0.000010 0.000013 0.000010 0.000010
0.291090 0.000010 0.000010 0.000010 0.708840 0.000010 0.000010 0.000010 0.000010
0.521268 0.000010 0.000010 0.000010 0.478662 0.000010 0.000010 0.000010 0.000010
0.384273 0.000010 0.000010 0.000010 0.615657 0.000010 0.000010 0.000010 0.000010
0.435318 0.000010 0.000010 0.000010 0.562909 0.000010 0.000010 0.001713 0.000010
0.447092 0.000010 0.000010 0.000010 0.552838 0.000010 0.000010 0.000010 0.000010
0.458851 0.000010 0.000010 0.000010 0.541079 0.000010 0.000010 0.000010 0.000010
0.371327 0.000010 0.000010 0.000010 0.628603 0.000010 0.000010 0.000010 0.000010
0.422965 0.000010 0.000010 0.000010 0.576965 0.000010 0.000010 0.000010 0.000010
0.403002 0.000010 0.000010 0.000010 0.596928 0.000010 0.000010 0.000010 0.000010
0.455489 0.000010 0.000010 0.000010 0.536235 0.000010 0.000010 0.008216 0.000010
0.211119 0.000010 0.000010 0.000010 0.788811 0.000010 0.000010 0.000010 0.000010
0.308498 0.000010 0.000010 0.000010 0.691432 0.000010 0.000010 0.000010 0.000010
0.000010 0.041827 0.021281 0.130840 0.000010 0.244901 0.005765 0.144521 0.410844
0.000010 0.039170 0.036334 0.176186 0.000010 0.145249 0.029654 0.000010 0.573377
0.000010 0.004307 0.000010 0.000010 0.000010 0.378323 0.126838 0.268410 0.222083
0.000010 0.000010 0.040943 0.059410 0.000010 0.380594 0.000010 0.096946 0.422067
0.000010 0.000010 0.013194 0.031102 0.000010 0.477733 0.039267 0.166803 0.271872
0.406556 0.000010 0.000010 0.000010 0.593374 0.000010 0.000010 0.000010 0.000010
0.351052 0.000010 0.000010 0.000010 0.648878 0.000010 0.000010 0.000010 0.000010
0.403404 0.000010 0.000010 0.000010 0.596526 0.000010 0.000010 0.000010 0.000010
0.543096 0.000010 0.000010 0.000010 0.456834 0.000010 0.000010 0.000010 0.000010
0.508114 0.000010 0.000010 0.000010 0.491816 0.000010 0.000010 0.000010 0.000010
0.503252 0.000010 0.000010 0.000010 0.496678 0.000010 0.000010 0.000010 0.000010
0.464591 0.000010 0.000010 0.000010 0.530803 0.000010 0.000010 0.004546 0.000010
0.355778 0.000010 0.000010 0.000010 0.644152 0.000010 0.000010 0.000010 0.000010
0.426506 0.000010 0.000010 0.000010 0.573424 0.000010 0.000010 0.000010 0.000010
0.406825 0.000010 0.000014 0.000010 0.593100 0.000010 0.000010 0.000010 0.000010
0.610019 0.000010 0.000010 0.000010 0.389911 0.000010 0.000010 0.000010 0.000010
0.471736 0.000010 0.000015 0.000010 0.528189 0.000010 0.000010 0.000010 0.000010
0.456937 0.000010 0.000010 0.000010 0.542993 0.000010 0.000010 0.000010 0.000010
0.549476 0.000010 0.000010 0.000010 0.450454 0.000010 0.000010 0.000010 0.000010
0.516646 0.000010 0.000010 0.000010 0.483284 0.000010 0.000010 0.000010 0.000010
0.310407 0.000010 0.000010 0.000010 0.689523 0.000010 0.000010 0.000010 0.000010
0.419836 0.000010 0.000010 0.000010 0.580094 0.000010 0.000010 0.000010 0.000010
0.315463 0.000010 0.000010 0.000010 0.684467 0.000010 0.000010 0.000010 0.000010
0.333187 0.000010 0.000010 0.000010 0.666743 0.000010 0.000010 0.000010 0.000010
0.292645 0.000010 0.021273 0.000010 0.686022 0.000010 0.000010 0.000010 0.000010
0.312303 0.000010 0.000010 0.000010 0.687627 0.000010 0.000010 0.000010 0.000010
0.700504 0.000010 0.010393 0.000010 0.275996 0.000010 0.000010 0.013057 0.000010
0.408026 0.000010 0.000010 0.000010 0.591904 0.000010 0.000010 0.000010 0.000010
0.643126 0.000010 0.000010 0.000010 0.356804 0.000010 0.000010 0.000010 0.000010
0.543926 0.000010 0.000010 0.000010 0.451322 0.000010 0.000010 0.004692 0.000010
0.455239 0.000010 0.000010 0.000010 0.544691 0.000010 0.000010 0.000010 0.000010
0.501603 0.000010 0.000010 0.000010 0.498327 0.000010 0.000010 0.000010 0.000010
0.532900 0.000010 0.000010 0.000010 0.467030 0.000010 0.000010 0.000010 0.000010
0.420142 0.000010 0.000010 0.000010 0.579788 0.000010 0.000010 0.000010 0.000010
0.535447 0.000010 0.000010 0.000010 0.464483 0.000010 0.000010 0.000010 0.000010
0.422689 0.000010 0.000010 0.000010 0.573973 0.000010 0.000010 0.003278 0.000010
0.463736 0.000010 0.000010 0.000010 0.536194 0.000010 0.000010 0.000010 0.000010
0.442603 0.000010 0.000010 0.000010 0.557327 0.000010 0.000010 0.000010 0.000010
0.372614 0.000010 0.000010 0.000010 0.627316 0.000010 0.000010 0.000010 0.000010
0.413283 0.000010 0.000010 0.000010 0.586647 0.000010 0.000010 0.000010 0.000010
0.338324 0.000010 0.000010 0.000010 0.661606 0.000010 0.000010 0.000010 0.000010
0.441677 0.000010 0.000010 0.000010 0.558253 0.000010 0.000010 0.000010 0.000010
0.559115 0.000010 0.000010 0.000010 0.440815 0.000010 0.000010 0.000010 0.000010
0.507994 0.000010 0.000010 0.000010 0.491936 0.000010 0.000010 0.000010 0.000010
0.342909 0.000010 0.000010 0.000010 0.657021 0.000010 0.000010 0.000010 0.000010
0.434467 0.000010 0.000010 0.000010 0.565463 0.000010 0.000010 0.000010 0.000010
0.370760 0.000010 0.000010 0.000010 0.629170 0.000010 0.000010 0.000010 0.000010
0.376213 0.000010 0.000010 0.000010 0.623717 0.000010 0.000010 0.000010 0.000010
0.382701 0.000010 0.000010 0.000010 0.617229 0.000010 0.000010 0.000010 0.000010
0.367991 0.000010 0.000010 0.000010 0.631939 0.000010 0.000010 0.000010 0.000010
0.359341 0.000010 0.000010 0.000010 0.640589 0.000010 0.000010 0.000010 0.000010
0.600152 0.000010 0.000010 0.000010 0.399778 0.000010 0.000010 0.000010 0.000010
0.509987 0.000010 0.000010 0.000010 0.489943 0.000010 0.000010 0.000010 0.000010
0.000010 0.000010 0.045492 0.000010 0.024822 0.584296 0.069645 0.065766 0.209949
0.000010 0.012554 0.002287 0.000010 0.000010 0.425803 0.125833 0.006346 0.427148
0.000010 0.000010 0.039049 0.000010 0.000010 0.580956 0.066921 0.038474 0.274560
0.000098 0.000010 0.030174 0.063203 0.000010 0.268989 0.000010 0.123231 0.514275
0.000010 0.000010 0.031327 0.000010 0.000010 0.602942 0.000010 0.199356 0.166325
0.000010 0.000010 0.031820 0.000010 0.000010 0.509231 0.000010 0.232027 0.226873
0.192131 0.000010 0.000010 0.000010 0.807799 0.000010 0.000010 0.000010 0.000010
0.189640 0.000010 0.000010 0.000010 0.810290 0.000010 0.000010 0.000010 0.000010
0.152825 0.000010 0.000010 0.000010 0.847105 0.000010 0.000010 0.000010 0.000010
0.234532 0.000010 0.000010 0.000010 0.765398 0.000010 0.000010 0.000010 0.000010
0.275669 0.000010 0.000010 0.000010 0.724261 0.000010 0.000010 0.000010 0.000010
0.244931 0.000010 0.000010 0.000010 0.754999 0.000010 0.000010 0.000010 0.000010
0.291909 0.000010 0.000010 0.000010 0.708021 0.000010 0.000010 0.000010 0.000010
0.368645 0.000010 0.000010 0.000010 0.631285 0.000010 0.000010 0.000010 0.000010
0.367981 0.000010 0.000010 0.000010 0.631949 0.000010 0.000010 0.000010 0.000010
0.299053 0.000010 0.000010 0.000010 0.700877 0.000010 0.000010 0.000010 0.000010
0.150432 0.000010 0.000010 0.000010 0.849498 0.000010 0.000010 0.000010 0.000010
0.192553 0.000010 0.000010 0.000010 0.807377 0.000010 0.000010 0.000010 0.000010
0.437717 0.000010 0.000010 0.000010 0.562213 0.000010 0.000010 0.000010 0.000010
0.263973 0.000010 0.000010 0.000010 0.735957 0.000010 0.000010 0.000010 0.000010
0.373328 0.000010 0.000010 0.000010 0.626602 0.000010 0.000010 0.000010 0.000010
0.362476 0.000010 0.000010 0.000010 0.637454 0.000010 0.000010 0.000010 0.000010
0.340589 0.000010 0.000010 0.000010 0.659341 0.000010 0.000010 0.000010 0.000010
0.337952 0.000010 0.000010 0.000010 0.661978 0.000010 0.000010 0.000010 0.000010
0.240483 0.000010 0.000010 0.000010 0.759447 0.000010 0.000010 0.000010 0.000010
0.206369 0.000010 0.000010 0.000010 0.793561 0.000010 0.000010 0.000010 0.000010
0.219563 0.000010 0.000010 0.000010 0.780367 0.000010 0.000010 0.000010 0.000010
0.286346 0.000010 0.000010 0.000010 0.712263 0.000010 0.000010 0.001330 0.000010
0.250703 0.000010 0.000010 0.000010 0.749227 0.000010 0.000010 0.000010 0.000010
0.289584 0.000010 0.000010 0.000010 0.710346 0.000010 0.000010 0.000010 0.000010
0.242319 0.000010 0.000010 0.000010 0.757611 0.000010 0.000010 0.000010 0.000010
0.315329 0.000010 0.000010 0.000010 0.684601 0.000010 0.000010 0.000010 0.000010
0.246860 0.000010 0.000010 0.000010 0.753070 0.000010 0.000010 0.000010 0.000010
0.351063 0.000010 0.000010 0.000010 0.648862 0.000016 0.000010 0.000010 0.000010
0.289817 0.000010 0.000010 0.000010 0.710113 0.000010 0.000010 0.000010 0.000010
0.274788 0.000010 0.000010 0.000010 0.725142 0.000010 0.000010 0.000010 0.000010
0.354690 0.000010 0.000010 0.000010 0.645240 0.000010 0.000010 0.000010 0.000010
0.320116 0.000010 0.000010 0.000010 0.679814 0.000010 0.000010 0.000010 0.000010
0.321825 0.000010 0.000010 0.000010 0.678105 0.000010 0.000010 0.000010 0.000010
0.284762 0.000010 0.000010 0.000010 0.715168 0.000010 0.000010 0.000010 0.000010
0.219249 0.000010 0.000010 0.000010 0.780681 0.000010 0.000010 0.000010 0.000010
0.211769 0.000010 0.000010 0.000010 0.788161 0.000010 0.000010 0.000010 0.000010
0.227866 0.000010 0.000010 0.000010 0.772064 0.000010 0.000010 0.000010 0.000010
0.289809 0.000010 0.000010 0.000010 0.710121 0.000010 0.000010 0.000010 0.000010
0.234424 0.000010 0.000010 0.000010 0.765506 0.000010 0.000010 0.000010 0.000010
0.000010 0.000010 0.016347 0.086514 0.000010 0.384230 0.000010 0.019347 0.493522
0.000010 0.000010 0.027882 0.146201 0.000010 0.402008 0.000010 0.183865 0.240004
0.000010 0.000010 0.042736 0.133361 0.000010 0.434148 0.000010 0.094678 0.295036
0.000010 0.000010 0.000010 0.000010 0.000010 0.763364 0.060640 0.175935 0.000010
0.000010 0.000010 0.000010 0.029308 0.000010 0.856862 0.000010 0.095653 0.018126
0.000010 0.000010 0.004549 0.134882 0.000010 0.379046 0.000010 0.144082 0.337401
0.000010 0.000010 0.000010 0.018063 0.000010 0.903913 0.000010 0.077964 0.000010
0.000010 0.000010 0.000010 0.000010 0.000010 0.918474 0.000010 0.081456 0.000010
0.000010 0.000010 0.000010 0.319838 0.000010 0.297574 0.000010 0.132501 0.250037
0.000010 0.000010 0.000010 0.000010 0.004134 0.796526 0.000010 0.199280 0.000010
0.000010 0.000010 0.004074 0.179489 0.000010 0.641031 0.000010 0.138387 0.036979
0.029870 0.000010 0.000010 0.000010 0.970060 0.000010 0.000010 0.000010 0.000010
0.010409 0.000010 0.000010 0.000010 0.989521 0.000010 0.000010 0.000010 0.000010
0.000010 0.000010 0.007261 0.000010 0.992669 0.000010 0.000010 0.000010 0.000010
0.000010 0.000010 0.000010 0.000010 0.999920 0.000010 0.000010 0.000010 0.000010
0.000010 0.000010 0.006727 0.000010 0.993203 0.000010 0.000010 0.000010 0.000010
0.011295 0.000010 0.010884 0.000014 0.977758 0.000010 0.000010 0.000010 0.000010
0.080936 0.000010 0.000010 0.000010 0.918994 0.000010 0.000010 0.000010 0.000010
0.108683 0.000010 0.000010 0.000010 0.883689 0.000010 0.000010 0.007568 0.000010
0.000010 0.000010 0.000010 0.000010 0.999920 0.000010 0.000010 0.000010 0.000010
0.000010 0.000010 0.000010 0.000010 0.992648 0.000010 0.000010 0.007282 0.000010
0.092143 0.000010 0.000010 0.000010 0.907787 0.000010 0.000010 0.000010 0.000010
0.104533 0.000010 0.000010 0.000010 0.895397 0.000010 0.000010 0.000010 0.000010
0.066918 0.000010 0.000010 0.000010 0.933012 0.000010 0.000010 0.000010 0.000010
0.046628 0.000010 0.000010 0.000010 0.953302 0.000010 0.000010 0.000010 0.000010
0.000010 0.000010 0.000010 0.000010 0.999920 0.000010 0.000010 0.000010 0.000010
0.013531 0.000010 0.000010 0.000010 0.981884 0.000010 0.000010 0.004525 0.000010
0.000010 0.000010 0.000010 0.000010 0.999920 0.000010 0.000010 0.000010 0.000010
0.000010 0.020098 0.000010 0.000010 0.000010 0.597115 0.000010 0.008206 0.374531
0.000010 0.000010 0.000010 0.037735 0.000010 0.618163 0.000010 0.032592 0.311460
0.000010 0.069951 0.000010 0.000010 0.000010 0.808623 0.074566 0.046811 0.000010
0.000010 0.000010 0.000010 0.000010 0.000010 0.946832 0.000010 0.053098 0.000010
0.000010 0.009501 0.000010 0.000010 0.040699 0.454582 0.126229 0.242677 0.126281
0.000010 0.027062 0.000010 0.012948 0.000010 0.320795 0.191845 0.122680 0.324640
0.000010 0.000010 0.044167 0.000010 0.000010 0.407361 0.212872 0.210186 0.125374
0.000010 0.000010 0.000010 0.000010 0.000010 0.989161 0.000010 0.010769 0.000010
0.000010 0.000010 0.000010 0.000010 0.000010 0.833898 0.094850 0.071192 0.000010
0.000010 0.000010 0.000010 0.000010 0.000010 0.999920 0.000010 0.000010 0.000010
0.000010 0.000010 0.014262 0.107126 0.000010 0.522455 0.000010 0.022784 0.333333
0.000010 0.000010 0.000010 0.000010 0.000010 0.852655 0.000010 0.147275 0.000010
0.000010 0.000010 0.000010 0.000010 0.000010 0.972669 0.000010 0.027261 0.000010
0.005234 0.000010 0.001410 0.000010 0.000010 0.584735 0.000010 0.201575 0.207007
0.000010 0.000010 0.000010 0.000010 0.000010 0.993089 0.000010 0.006841 0.000010
0.000010 0.000010 0.000010 0.000010 0.000010 0.986961 0.000010 0.012969 0.000010
0.000010 0.000010 0.000010 0.000010 0.000010 0.570717 0.000010 0.040053 0.389170
0.000010 0.000010 0.000010 0.024193 0.000010 0.621686 0.000010 0.062899 0.291172
0.000010 0.000010 0.000010 0.000010 0.000010 0.711552 0.000010 0.009008 0.279380
0.000010 0.000010 0.000010 0.000010 0.000010 0.593518 0.000010 0.116921 0.289501
0.000010 0.000010 0.011051 0.023929 0.000010 0.841961 0.000010 0.000010 0.123009
0.000010 0.000010 0.000010 0.000010 0.000010 0.857469 0.000010 0.000010 0.142461
0.000010 0.009090 0.069370 0.187809 0.000010 0.065841 0.029231 0.046379 0.592261
0.000010 0.000010 0.009125 0.024171 0.000010 0.424905 0.000010 0.143500 0.398258
0.000010 0.011171 0.016375 0.000010 0.000010 0.446034 0.037776 0.278757 0.209857
0.000010 0.000010 0.000010 0.000010 0.000010 0.607599 0.000010 0.144681 0.247661
0.000010 0.000010 0.006526 0.000010 0.000010 0.551211 0.143111 0.113059 0.186053
0.000010 0.000010 0.000010 0.000010 0.000010 0.883527 0.047919 0.068494 0.000010
0.000010 0.000010 0.000010 0.000010 0.000010 0.776653 0.209280 0.014008 0.000010
0.000010 0.087584 0.000010 0.000010 0.000010 0.494289 0.048108 0.000010 0.369969
0.000010 0.000010 0.055957 0.000010 0.000010 0.918030 0.000010 0.025953 0.000010
0.000010 0.000993 0.007916 0.000010 0.000010 0.991031 0.000010 0.000010 0.000010
0.000010 0.000010 0.028761 0.027771 0.000010 0.943408 0.000010 0.000010 0.000010
0.000010 0.023169 0.043120 0.000010 0.000010 0.732891 0.000010 0.045767 0.155014
0.000010 0.018843 0.008619 0.000010 0.000010 0.972478 0.000010 0.000010 0.000010
0.000010 0.000010 0.017377 0.020207 0.000010 0.827993 0.000010 0.000010 0.134373
0.000010 0.000010 0.000010 0.055840 0.000010 0.722077 0.000010 0.048640 0.173393
0.000010 0.000010 0.000010 0.000010 0.000010 0.991624 0.000010 0.008306 0.000010
0.000010 0.000010 0.000010 0.000010 0.000010 0.688281 0.000010 0.000010 0.311649
0.000010 0.040863 0.007653 0.056560 0.000010 0.267489 0.122105 0.084626 0.420686
0.000010 0.000010 0.000010 0.108567 0.000010 0.568651 0.000010 0.114254 0.208478
0.000010 0.000010 0.022194 0.229017 0.000010 0.603255 0.000010 0.099642 0.045852
0.000010 0.000010 0.000010 0.119935 0.000010 0.482103 0.000010 0.026070 0.371841
0.000010 0.000010 0.008789 0.158680 0.000010 0.710178 0.000010 0.048436 0.073877
0.000010 0.084364 0.000010 0.074668 0.000010 0.509963 0.223215 0.000010 0.107750
0.000010 0.103716 0.008902 0.181285 0.000010 0.003796 0.316205 0.133216 0.252861
0.000010 0.122465 0.000010 0.140286 0.000310 0.324209 0.244492 0.068951 0.099266
0.000010 0.038826 0.000010 0.040000 0.000010 0.325039 0.169744 0.089974 0.336387
0.000010 0.059558 0.000010 0.042777 0.000010 0.174308 0.050680 0.097680 0.574967
0.000010 0.004804 0.000010 0.068112 0.000010 0.000010 0.000010 0.133307 0.793727
0.000010 0.000010 0.000010 0.000010 0.000010 0.000010 0.000010 0.273853 0.726077
0.000010 0.000010 0.000010 0.000010 0.000010 0.000010 0.000010 0.188459 0.811471
0.000010 0.063364 0.000010 0.002399 0.000010 0.000010 0.226091 0.174301 0.533805
0.000010 0.010123 0.000010 0.046953 0.000010 0.046963 0.009717 0.127960 0.758254
0.000010 0.037213 0.000010 0.000010 0.000010 0.000010 0.168754 0.098117 0.695867
0.000010 0.009673 0.000010 0.003755 0.008491 0.000010 0.000010 0.162501 0.815540
0.000010 0.022937 0.049326 0.068517 0.000010 0.000010 0.187883 0.118302 0.553006
0.012653 0.002422 0.024103 0.030714 0.000010 0.000010 0.174613 0.142244 0.613231
0.000010 0.017940 0.000010 0.069378 0.000010 0.000010 0.057143 0.288796 0.566704
0.000010 0.000010 0.000010 0.050226 0.000010 0.089705 0.000010 0.387082 0.472936
0.000010 0.017062 0.000010 0.042034 0.000010 0.031506 0.032374 0.295949 0.581045
0.000010 0.083475 0.006662 0.064814 0.000010 0.000010 0.085401 0.294386 0.465232
0.000010 0.000010 0.028802 0.000010 0.000010 0.000010 0.012875 0.276937 0.681337
0.000010 0.015134 0.002366 0.032974 0.000010 0.000010 0.032244 0.324268 0.592984
0.000010 0.106307 0.015887 0.003989 0.000010 0.030829 0.065645 0.160860 0.616463
0.011557 0.043109 0.000049 0.000010 0.000401 0.000010 0.139675 0.492167 0.313022
0.000010 0.047103 0.000010 0.000010 0.000010 0.000010 0.062571 0.333884 0.556392
0.000010 0.023852 0.003117 0.090865 0.000010 0.430698 0.127770 0.249512 0.074166
0.000010 0.000010 0.111398 0.000010 0.000010 0.253303 0.000010 0.039468 0.595781
0.000010 0.000010 0.035114 0.017319 0.004037 0.397792 0.000010 0.185158 0.360551
0.000010 0.000010 0.005058 0.033554 0.002214 0.732958 0.000010 0.101333 0.124853
0.000010 0.072030 0.011033 0.000010 0.000010 0.702841 0.091518 0.011828 0.110721
0.000010 0.067991 0.000010 0.000010 0.000010 0.856604 0.075345 0.000010 0.000010
0.000010 0.000010 0.054210 0.000010 0.000010 0.434720 0.000010 0.074846 0.436175
0.000010 0.000010 0.011850 0.032193 0.000010 0.594682 0.000010 0.006920 0.354315
0.000010 0.000010 0.028502 0.000010 0.000010 0.674172 0.000010 0.082024 0.215252
0.000010 0.000010 0.053018 0.000010 0.000010 0.741410 0.027414 0.041816 0.136302
0.000010 0.000010 0.000010 0.000010 0.000010 0.869034 0.000010 0.130896 0.000010
0.000010 0.000010 0.034107 0.000010 0.000010 0.965823 0.000010 0.000010 0.000010
0.000010 0.075349 0.000010 0.123174 0.000010 0.200788 0.057663 0.053965 0.489030
0.000010 0.066737 0.000010 0.000010 0.013159 0.772740 0.072523 0.074802 0.000010
0.000010 0.000010 0.000010 0.000010 0.000010 0.957239 0.000010 0.042691 0.000010
0.000010 0.021984 0.000010 0.000010 0.000010 0.977946 0.000010 0.000010 0.000010
0.000010 0.076018 0.000010 0.039113 0.000010 0.190399 0.002901 0.342169 0.349369
0.016050 0.068755 0.000010 0.089248 0.000010 0.308769 0.039875 0.144781 0.332501
0.000010 0.087065 0.000010 0.000010 0.000010 0.319514 0.000010 0.287138 0.306233
0.000010 0.019838 0.028049 0.000010 0.006147 0.452354 0.038533 0.234838 0.220221
0.000010 0.000010 0.037984 0.045029 0.000010 0.474707 0.000010 0.146040 0.296200
0.000010 0.000010 0.031926 0.016333 0.000010 0.465904 0.000010 0.144798 0.340999
0.000010 0.000010 0.000010 0.061793 0.000010 0.396229 0.000010 0.153863 0.388064
0.000010 0.089327 0.000010 0.005796 0.000010 0.432646 0.202731 0.065485 0.203985
0.000010 0.074668 0.000010 0.000010 0.000010 0.579528 0.033966 0.087067 0.224731
0.000010 0.000010 0.059047 0.000010 0.000010 0.876974 0.000010 0.014096 0.049833
0.000010 0.000010 0.000010 0.000010 0.000010 0.900069 0.000010 0.099861 0.000010
0.000010 0.000010 0.000010 0.000010 0.000010 0.999920 0.000010 0.000010 0.000010
0.000010 0.205629 0.000010 0.000010 0.000010 0.309632 0.366646 0.118043 0.000010
0.000010 0.144133 0.028371 0.003543 0.007925 0.294522 0.306217 0.060386 0.154893
0.000010 0.167360 0.029295 0.000010 0.000184 0.435648 0.306340 0.061143 0.000010
0.000010 0.000010 0.000010 0.000010 0.000010 0.576468 0.020716 0.095509 0.307257
0.000010 0.000010 0.025920 0.037447 0.000010 0.473606 0.000010 0.000010 0.462977
0.000010 0.085821 0.000010 0.000010 0.000010 0.271522 0.122631 0.097639 0.422346
0.000010 0.062114 0.051477 0.000010 0.000010 0.241319 0.004418 0.335236 0.305406
0.000010 0.000010 0.006406 0.000010 0.000010 0.000010 0.000010 0.322928 0.670607
