0.000010 0.023288 0.001704 0.366908 0.000010 0.608069 0.000010
0.000010 0.022393 0.000010 0.374590 0.000010 0.602977 0.000010
0.000010 0.000010 0.000010 0.375644 0.000010 0.611920 0.012396
0.000010 0.056363 0.000010 0.383350 0.000010 0.560247 0.000010
0.000010 0.015436 0.000010 0.435943 0.000010 0.548581 0.000010
0.000010 0.016862 0.000010 0.447341 0.000010 0.533582 0.002185
0.000010 0.026600 0.000010 0.446328 0.000010 0.527032 0.000010
0.000010 0.035131 0.000010 0.354536 0.000010 0.610293 0.000010
0.011828 0.036723 0.000010 0.287060 0.000010 0.664359 0.000010
0.000010 0.022589 0.000010 0.467389 0.000010 0.509982 0.000010
0.000010 0.046992 0.000010 0.425109 0.000010 0.527859 0.000010
0.000010 0.000010 0.013552 0.407239 0.000010 0.579169 0.000010
0.000010 0.000010 0.000010 0.466769 0.000010 0.533181 0.000010
0.000010 0.004846 0.000010 0.397997 0.000010 0.597117 0.000010
0.000010 0.035253 0.000010 0.353541 0.000010 0.611166 0.000010
0.000010 0.064500 0.000010 0.429941 0.000010 0.499508 0.006020
0.000010 0.029544 0.000010 0.321873 0.000010 0.648543 0.000010
0.000010 0.035040 0.000010 0.416484 0.002949 0.545497 0.000010
0.000010 0.000010 0.000010 0.445485 0.000010 0.554465 0.000010
0.000010 0.016324 0.000010 0.386708 0.000010 0.596928 0.000010
0.000010 0.000010 0.000010 0.501116 0.000010 0.498834 0.000010
0.000010 0.000010 0.000010 0.410576 0.000010 0.589374 0.000010
0.000010 0.035538 0.000010 0.424945 0.000010 0.538468 0.001019
0.012745 0.003256 0.000010 0.425234 0.000010 0.543041 0.015704
0.000010 0.000010 0.000010 0.393426 0.000010 0.606524 0.000010
0.000010 0.016489 0.000010 0.451035 0.000010 0.523461 0.008985
0.000010 0.033395 0.000010 0.399443 0.000010 0.567123 0.000010
0.000010 0.046271 0.000010 0.346039 0.000010 0.598856 0.008803
0.000010 0.011264 0.000010 0.388026 0.000010 0.600670 0.000010
0.000010 0.006923 0.000010 0.441889 0.000010 0.551148 0.000010
0.000010 0.026389 0.000010 0.368094 0.000010 0.605477 0.000010
0.000010 0.041191 0.000010 0.497227 0.000010 0.461541 0.000010
0.000010 0.000010 0.000010 0.476451 0.000010 0.523499 0.000010
0.000010 0.016173 0.000010 0.481590 0.000010 0.501837 0.000369
0.000010 0.013073 0.000010 0.440725 0.000010 0.546162 0.000010
0.000010 0.000010 0.000010 0.496369 0.000010 0.503581 0.000010
0.000010 0.007173 0.000010 0.491888 0.000010 0.500899 0.000010
0.000010 0.013734 0.000010 0.491387 0.000010 0.479797 0.015053
0.000010 0.047755 0.000010 0.353499 0.000010 0.598706 0.000010
0.000010 0.026875 0.000010 0.383907 0.000010 0.589177 0.000010
0.000010 0.000010 0.000010 0.555706 0.000010 0.439702 0.004552
0.000010 0.000010 0.000010 0.359293 0.000010 0.618965 0.021703
0.000010 0.011914 0.000010 0.443028 0.000010 0.544643 0.000384
0.000010 0.009784 0.000010 0.396374 0.000010 0.593802 0.000010
0.000010 0.012348 0.000010 0.399941 0.000010 0.587670 0.000010
0.000010 0.015976 0.000010 0.367048 0.000010 0.616936 0.000010
0.000010 0.000010 0.000010 0.491111 0.000010 0.508839 0.000010
0.000010 0.000010 0.000010 0.519941 0.000010 0.480009 0.000010
0.000010 0.000010 0.000010 0.454315 0.000010 0.534006 0.011638
0.000010 0.000010 0.000010 0.513118 0.000010 0.481580 0.005262
0.000010 0.000010 0.002505 0.538286 0.000010 0.454445 0.004734
0.000010 0.015884 0.000010 0.494982 0.000010 0.479870 0.009234
0.000010 0.004077 0.000010 0.546709 0.000010 0.449174 0.000010
0.000010 0.000010 0.000010 0.471764 0.000010 0.520175 0.008021
0.000010 0.012780 0.000010 0.464608 0.000010 0.522571 0.000010
0.000010 0.032715 0.000010 0.326656 0.000010 0.640589 0.000010
0.000010 0.033005 0.000010 0.465771 0.000010 0.489880 0.011314
0.000010 0.004262 0.000010 0.391473 0.000010 0.604225 0.000010
0.000010 0.000010 0.000010 0.445877 0.000010 0.554073 0.000010
0.000010 0.023498 0.000010 0.427809 0.000010 0.548653 0.000010
0.000010 0.018181 0.000010 0.437196 0.000010 0.544583 0.000010
0.000010 0.000010 0.000010 0.560082 0.000010 0.395381 0.044497
0.000010 0.000010 0.004980 0.370780 0.000010 0.624200 0.000010
0.000010 0.039570 0.000010 0.321903 0.000010 0.636193 0.002304
0.065880 0.000010 0.000010 0.000010 0.000010 0.933378 0.000702
0.090810 0.008515 0.000010 0.022964 0.000010 0.865731 0.011960
0.005750 0.000010 0.026015 0.095752 0.000010 0.872453 0.000010
0.006805 0.000010 0.068041 0.000010 0.000010 0.913409 0.011716
0.075347 0.000010 0.022617 0.000010 0.000010 0.868131 0.033875
0.033873 0.009163 0.000010 0.080395 0.000010 0.871418 0.005131
0.030887 0.049873 0.000010 0.028019 0.000010 0.883133 0.008067
0.031232 0.000010 0.000010 0.100663 0.000010 0.868065 0.000010
0.022126 0.033979 0.000010 0.136455 0.000010 0.807410 0.000010
0.027423 0.000010 0.000010 0.128240 0.000010 0.844297 0.000010
0.060217 0.029248 0.012734 0.000010 0.000010 0.897771 0.000010
0.045820 0.004792 0.013463 0.000010 0.000010 0.935895 0.000010
0.037696 0.009113 0.000011 0.000010 0.000010 0.932318 0.020842
0.060275 0.000010 0.000010 0.000010 0.000010 0.923008 0.016677
0.000010 0.001835 0.052851 0.044408 0.000010 0.893409 0.007476
0.049159 0.000010 0.000010 0.000010 0.000010 0.936197 0.014605
0.059332 0.010602 0.000010 0.004382 0.000010 0.925655 0.000010
0.000010 0.003567 0.000010 0.557605 0.000010 0.426867 0.011931
0.000010 0.019875 0.000010 0.405931 0.000010 0.574154 0.000010
0.000010 0.015307 0.000010 0.477045 0.000010 0.507608 0.000010
0.000010 0.023656 0.000010 0.413845 0.000010 0.562459 0.000010
0.000010 0.000010 0.000010 0.466217 0.000010 0.533733 0.000010
0.000010 0.000010 0.000010 0.492258 0.000010 0.491207 0.016496
0.000010 0.000010 0.000010 0.529392 0.000010 0.470558 0.000010
0.000010 0.000010 0.000010 0.449895 0.000010 0.550055 0.000010
0.000010 0.028609 0.000010 0.360399 0.000010 0.610952 0.000010
0.000010 0.005931 0.000010 0.514843 0.000010 0.479186 0.000010
0.000010 0.000010 0.000010 0.503858 0.000010 0.489968 0.006134
0.000010 0.013232 0.000010 0.495735 0.000010 0.471358 0.019644
0.000010 0.019094 0.008767 0.409396 0.000010 0.559798 0.002925
0.000010 0.089682 0.000010 0.414596 0.000010 0.495682 0.000010
0.000010 0.000010 0.000010 0.484017 0.000010 0.482927 0.033016
0.000010 0.015152 0.000010 0.344719 0.000010 0.634860 0.005238
0.000010 0.003826 0.000010 0.317083 0.000010 0.671397 0.007664
0.000010 0.000010 0.000010 0.342229 0.000010 0.657721 0.000010
0.000010 0.014168 0.000010 0.422861 0.000010 0.562931 0.000010
0.000010 0.013835 0.000010 0.431689 0.000010 0.554436 0.000010
0.000010 0.000010 0.000010 0.533405 0.000010 0.466545 0.000010
0.000010 0.005923 0.000010 0.503405 0.000010 0.482268 0.008374
0.000010 0.000010 0.000010 0.414920 0.000010 0.585030 0.000010
0.000010 0.000010 0.000010 0.444662 0.000010 0.555288 0.000010
0.000010 0.000010 0.000010 0.542233 0.000010 0.457717 0.000010
0.000010 0.000010 0.000010 0.423125 0.000010 0.576825 0.000010
0.000010 0.000010 0.000010 0.577062 0.000010 0.422888 0.000010
0.000010 0.000010 0.000010 0.474802 0.000010 0.517635 0.007523
0.000010 0.004129 0.003637 0.374215 0.000010 0.617989 0.000010
0.000010 0.015455 0.000010 0.455682 0.000010 0.528823 0.000010
0.000010 0.000011 0.000010 0.471537 0.000010 0.526210 0.002213
0.000010 0.016118 0.000010 0.582903 0.000010 0.400939 0.000010
0.000010 0.032805 0.000010 0.371807 0.000010 0.595347 0.000010
0.000010 0.000010 0.000757 0.374680 0.000010 0.624523 0.000010
0.062214 0.023987 0.000010 0.052363 0.000010 0.861405 0.000010
0.076420 0.000010 0.000010 0.000010 0.000010 0.923530 0.000010
0.030377 0.000010 0.011736 0.108144 0.000010 0.849713 0.000010
0.048126 0.022542 0.000010 0.000010 0.000010 0.876849 0.052454
0.000010 0.015512 0.076302 0.000010 0.000010 0.908146 0.000010
0.048602 0.000010 0.000010 0.000010 0.000010 0.911574 0.039784
0.065382 0.009142 0.022130 0.000010 0.000010 0.885854 0.017472
0.027505 0.000010 0.021905 0.152395 0.000010 0.798165 0.000010
0.001128 0.000010 0.008304 0.000010 0.000010 0.990529 0.000010
0.040619 0.019774 0.013379 0.054903 0.000010 0.871305 0.000010
0.050025 0.033028 0.000010 0.000010 0.000010 0.909977 0.006940
0.000016 0.005861 0.026796 0.094187 0.000010 0.854090 0.019040
0.027971 0.038122 0.000017 0.000010 0.000010 0.902502 0.031368
0.039875 0.000010 0.000010 0.000010 0.000010 0.960075 0.000010
0.049296 0.018492 0.000010 0.129654 0.000010 0.794074 0.008464
0.060842 0.000010 0.000010 0.000010 0.000010 0.939108 0.000010
0.048132 0.038780 0.000010 0.000010 0.000010 0.911940 0.001117
0.028220 0.014517 0.002799 0.000010 0.000010 0.934142 0.020302
0.000010 0.009947 0.000010 0.056532 0.000010 0.897047 0.036444
0.024793 0.000010 0.031876 0.000010 0.000010 0.933287 0.010015
0.029146 0.000010 0.000010 0.000010 0.000010 0.951816 0.018998
0.017203 0.000010 0.000010 0.161810 0.000010 0.817850 0.003106
0.004211 0.055670 0.000010 0.120722 0.000010 0.813030 0.006347
0.001763 0.023608 0.056516 0.000654 0.000010 0.903840 0.013609
0.036959 0.000010 0.000010 0.000010 0.000010 0.959081 0.003920
0.026303 0.049525 0.000010 0.077736 0.000010 0.838484 0.007932
0.022884 0.000010 0.024235 0.000010 0.000010 0.925824 0.027027
0.040838 0.036688 0.031382 0.000010 0.000010 0.879953 0.011120
0.032402 0.000010 0.003540 0.248379 0.000010 0.692692 0.022967
0.036707 0.000010 0.000010 0.000010 0.000010 0.948011 0.015242
0.080819 0.027544 0.000010 0.000010 0.000010 0.891597 0.000010
0.029592 0.016804 0.000010 0.000010 0.000010 0.950094 0.003479
0.057208 0.000010 0.000010 0.000010 0.000010 0.913711 0.029041
0.031932 0.000010 0.000010 0.000010 0.000010 0.948090 0.019939
0.000010 0.030509 0.034932 0.000010 0.000010 0.920122 0.014406
0.057537 0.000010 0.006470 0.000010 0.000010 0.913460 0.022502
0.044254 0.026144 0.000010 0.035370 0.000010 0.894203 0.000010
0.017490 0.038149 0.028317 0.000010 0.000010 0.892299 0.023726
0.086913 0.034430 0.000010 0.108145 0.000010 0.730107 0.040385
0.041416 0.000010 0.012255 0.050057 0.000010 0.855760 0.040492
0.005443 0.000010 0.028435 0.147709 0.000010 0.813226 0.005168
0.025333 0.008845 0.000010 0.000010 0.000010 0.965782 0.000010
0.070757 0.000010 0.000010 0.000010 0.000010 0.929193 0.000010
0.000011 0.000010 0.010128 0.162545 0.000010 0.826342 0.000954
0.000010 0.041002 0.000010 0.000010 0.000010 0.946816 0.012143
0.000010 0.000010 0.050728 0.000010 0.000010 0.929128 0.020104
0.034868 0.085414 0.000010 0.144011 0.000010 0.726769 0.008918
0.047277 0.000010 0.000010 0.000010 0.000010 0.933447 0.019237
0.031340 0.020742 0.000011 0.000010 0.000010 0.947877 0.000010
0.000010 0.031303 0.040184 0.174022 0.000010 0.749813 0.004658
0.062533 0.036490 0.000010 0.005388 0.000010 0.881962 0.013607
0.007001 0.000010 0.022068 0.129355 0.000010 0.829900 0.011656
0.048764 0.000010 0.000841 0.000010 0.000010 0.919140 0.031226
0.007762 0.000010 0.000010 0.184074 0.000010 0.808124 0.000010
0.000010 0.000010 0.013359 0.000010 0.000010 0.986472 0.000129
0.019907 0.000010 0.014073 0.000010 0.000010 0.927730 0.038260
0.019842 0.000010 0.000010 0.122848 0.000010 0.857269 0.000010
0.025307 0.000010 0.023955 0.009952 0.000010 0.940755 0.000010
0.039236 0.014247 0.000010 0.009262 0.000010 0.928282 0.008953
0.059304 0.000010 0.000010 0.000010 0.000010 0.916715 0.023941
0.017562 0.046351 0.016765 0.182246 0.000010 0.737056 0.000010
0.034071 0.000010 0.000010 0.048398 0.000010 0.917491 0.000010
0.022416 0.000010 0.004640 0.000010 0.000010 0.939106 0.033808
0.061744 0.000010 0.015956 0.000010 0.000010 0.904910 0.017360
0.025379 0.000010 0.000010 0.000010 0.000010 0.933838 0.040743
0.037139 0.024521 0.000010 0.000010 0.000010 0.938300 0.000010
0.000010 0.017453 0.042268 0.000010 0.000010 0.934277 0.005972
0.019069 0.000010 0.025154 0.000010 0.000010 0.930049 0.025698
0.070708 0.017637 0.000010 0.000010 0.000010 0.898214 0.013410
0.000010 0.003548 0.023611 0.000010 0.000010 0.954099 0.018711
0.092792 0.009358 0.000010 0.000010 0.000010 0.876605 0.021214
0.117363 0.000010 0.000010 0.000010 0.000010 0.865687 0.016910
0.085991 0.000010 0.000010 0.000010 0.000010 0.884864 0.029105
0.049869 0.000010 0.000010 0.000010 0.000010 0.942347 0.007745
0.025271 0.000010 0.000010 0.035825 0.000010 0.938864 0.000010
0.067875 0.000010 0.000010 0.000010 0.000010 0.913167 0.018919
0.050021 0.000010 0.000615 0.000010 0.000010 0.949324 0.000010
0.020176 0.012460 0.000010 0.050973 0.000010 0.888872 0.027499
0.010484 0.017465 0.000010 0.154482 0.000010 0.813335 0.004214
0.049126 0.008827 0.000010 0.022991 0.000010 0.919026 0.000010
0.029958 0.000010 0.000010 0.000010 0.000010 0.968611 0.001391
0.027847 0.000010 0.000010 0.000010 0.000010 0.972103 0.000010
0.040530 0.000010 0.000010 0.000010 0.000010 0.933319 0.026111
0.465190 0.000010 0.534760 0.000010 0.000010 0.000010 0.000010
0.358515 0.000010 0.641435 0.000010 0.000010 0.000010 0.000010
0.302375 0.000010 0.697575 0.000010 0.000010 0.000010 0.000010
0.366607 0.000010 0.633343 0.000010 0.000010 0.000010 0.000010
0.361826 0.000010 0.638124 0.000010 0.000010 0.000010 0.000010
0.380938 0.000010 0.619012 0.000010 0.000010 0.000010 0.000010
0.480452 0.000011 0.519497 0.000010 0.000010 0.000010 0.000010
0.418505 0.000010 0.581445 0.000010 0.000010 0.000010 0.000010
0.543350 0.000010 0.456600 0.000010 0.000010 0.000010 0.000010
0.457457 0.000010 0.542493 0.000010 0.000010 0.000010 0.000010
0.375917 0.000010 0.624033 0.000010 0.000010 0.000010 0.000010
0.437556 0.000010 0.562394 0.000010 0.000010 0.000010 0.000010
0.361990 0.000010 0.637960 0.000010 0.000010 0.000010 0.000010
0.491094 0.000010 0.508856 0.000010 0.000010 0.000010 0.000010
0.376459 0.000010 0.623491 0.000010 0.000010 0.000010 0.000010
0.409446 0.000010 0.587718 0.000010 0.000010 0.000010 0.002796
0.287633 0.000010 0.712317 0.000010 0.000010 0.000010 0.000010
0.361916 0.000010 0.638034 0.000010 0.000010 0.000010 0.000010
0.326914 0.000010 0.673036 0.000010 0.000010 0.000010 0.000010
0.422118 0.000010 0.577832 0.000010 0.000010 0.000010 0.000010
0.347816 0.000010 0.652134 0.000010 0.000010 0.000010 0.000010
0.274943 0.000010 0.725007 0.000010 0.000010 0.000010 0.000010
0.300224 0.000010 0.699726 0.000010 0.000010 0.000010 0.000010
0.237978 0.000010 0.761972 0.000010 0.000010 0.000010 0.000010
0.439539 0.000010 0.560411 0.000010 0.000010 0.000010 0.000010
0.320053 0.000010 0.679897 0.000010 0.000010 0.000010 0.000010
0.395024 0.000010 0.604926 0.000010 0.000010 0.000010 0.000010
0.423461 0.000010 0.576489 0.000010 0.000010 0.000010 0.000010
0.428615 0.000010 0.571335 0.000010 0.000010 0.000010 0.000010
0.394612 0.000010 0.605335 0.000010 0.000013 0.000010 0.000010
0.451054 0.000010 0.548896 0.000010 0.000010 0.000010 0.000010
0.498691 0.000010 0.501259 0.000010 0.000010 0.000010 0.000010
0.452692 0.000010 0.547258 0.000010 0.000010 0.000010 0.000010
0.482595 0.000010 0.517355 0.000010 0.000010 0.000010 0.000010
0.402555 0.000010 0.597395 0.000010 0.000010 0.000010 0.000010
0.437216 0.000010 0.562734 0.000010 0.000010 0.000010 0.000010
0.408333 0.000010 0.591617 0.000010 0.000010 0.000010 0.000010
0.428579 0.000010 0.571371 0.000010 0.000010 0.000010 0.000010
0.445439 0.000010 0.554511 0.000010 0.000010 0.000010 0.000010
0.456187 0.000010 0.543763 0.000010 0.000010 0.000010 0.000010
0.389826 0.000010 0.610124 0.000010 0.000010 0.000010 0.000010
0.383487 0.000010 0.616463 0.000010 0.000010 0.000010 0.000010
0.431159 0.000010 0.568791 0.000010 0.000010 0.000010 0.000010
0.365403 0.000010 0.634547 0.000010 0.000010 0.000010 0.000010
0.350616 0.000010 0.649334 0.000010 0.000010 0.000010 0.000010
0.517971 0.000010 0.481979 0.000010 0.000010 0.000010 0.000010
0.429357 0.000010 0.570593 0.000010 0.000010 0.000010 0.000010
0.521146 0.000010 0.478031 0.000010 0.000010 0.000010 0.000784
0.450376 0.000010 0.549574 0.000010 0.000010 0.000010 0.000010
0.463133 0.000010 0.536817 0.000010 0.000010 0.000010 0.000010
0.475400 0.000010 0.524550 0.000010 0.000010 0.000010 0.000010
0.379496 0.000010 0.620454 0.000010 0.000010 0.000010 0.000010
0.454165 0.000010 0.545785 0.000010 0.000010 0.000010 0.000010
0.396169 0.000010 0.603781 0.000010 0.000010 0.000010 0.000010
0.291130 0.000010 0.708820 0.000010 0.000010 0.000010 0.000010
0.520515 0.000010 0.479435 0.000010 0.000010 0.000010 0.000010
0.383998 0.000010 0.615952 0.000010 0.000010 0.000010 0.000010
0.436314 0.000010 0.562900 0.000010 0.000010 0.000010 0.000746
0.446789 0.000010 0.553161 0.000010 0.000010 0.000010 0.000010
0.458817 0.000010 0.541133 0.000010 0.000010 0.000010 0.000010
0.370946 0.000010 0.629004 0.000010 0.000010 0.000010 0.000010
0.422397 0.000010 0.577553 0.000010 0.000010 0.000010 0.000010
0.402448 0.000010 0.597502 0.000010 0.000010 0.000010 0.000010
0.455548 0.000010 0.536177 0.000010 0.000010 0.000010 0.008235
0.210791 0.000010 0.789159 0.000010 0.000010 0.000010 0.000010
0.308419 0.000010 0.691531 0.000010 0.000010 0.000010 0.000010
0.000010 0.023945 0.000010 0.556147 0.066139 0.168953 0.184797
0.000010 0.045036 0.000010 0.631393 0.081298 0.231380 0.010873
0.000010 0.000010 0.000010 0.493322 0.177237 0.000010 0.329401
0.002979 0.036266 0.000010 0.649125 0.040575 0.120418 0.150627
0.000010 0.000541 0.000010 0.552039 0.107702 0.105284 0.234414
0.406385 0.000010 0.593565 0.000010 0.000010 0.000010 0.000010
0.351293 0.000010 0.648657 0.000010 0.000010 0.000010 0.000010
0.403270 0.000010 0.596680 0.000010 0.000010 0.000010 0.000010
0.542564 0.000010 0.457386 0.000010 0.000010 0.000010 0.000010
0.507519 0.000010 0.492431 0.000010 0.000010 0.000010 0.000010
0.502552 0.000010 0.497398 0.000010 0.000010 0.000010 0.000010
0.463868 0.000010 0.531682 0.000010 0.000010 0.000010 0.004410
0.355064 0.000010 0.644886 0.000010 0.000010 0.000010 0.000010
0.425730 0.000010 0.574220 0.000010 0.000010 0.000010 0.000010
0.406831 0.000010 0.593119 0.000010 0.000010 0.000010 0.000010
0.608140 0.000010 0.391810 0.000010 0.000010 0.000010 0.000010
0.471085 0.000010 0.528865 0.000010 0.000010 0.000010 0.000010
0.456534 0.000010 0.543416 0.000010 0.000010 0.000010 0.000010
0.547541 0.000010 0.452409 0.000010 0.000010 0.000010 0.000010
0.515271 0.000010 0.484679 0.000010 0.000010 0.000010 0.000010
0.310580 0.000010 0.689370 0.000010 0.000010 0.000010 0.000010
0.419969 0.000010 0.579981 0.000010 0.000010 0.000010 0.000010
0.315694 0.000010 0.684256 0.000010 0.000010 0.000010 0.000010
0.333323 0.000010 0.666627 0.000010 0.000010 0.000010 0.000010
0.292724 0.021399 0.685836 0.000010 0.000010 0.000010 0.000010
0.312647 0.000010 0.687303 0.000010 0.000010 0.000010 0.000010
0.699945 0.010483 0.276867 0.000010 0.000010 0.000010 0.012675
0.407675 0.000010 0.592275 0.000010 0.000010 0.000010 0.000010
0.642588 0.000010 0.357362 0.000010 0.000010 0.000010 0.000010
0.543910 0.000010 0.452809 0.000010 0.000010 0.000010 0.003242
0.455057 0.000010 0.544893 0.000010 0.000010 0.000010 0.000010
0.500878 0.000010 0.499072 0.000010 0.000010 0.000010 0.000010
0.531946 0.000010 0.468004 0.000010 0.000010 0.000010 0.000010
0.419380 0.000010 0.580570 0.000010 0.000010 0.000010 0.000010
0.534116 0.000010 0.465834 0.000010 0.000010 0.000010 0.000010
0.422094 0.000010 0.575318 0.000010 0.000010 0.000010 0.002548
0.463592 0.000010 0.536358 0.000010 0.000010 0.000010 0.000010
0.442428 0.000010 0.557522 0.000010 0.000010 0.000010 0.000010
0.372636 0.000010 0.627314 0.000010 0.000010 0.000010 0.000010
0.412763 0.000010 0.587187 0.000010 0.000010 0.000010 0.000010
0.338034 0.000010 0.661916 0.000010 0.000010 0.000010 0.000010
0.441537 0.000010 0.558413 0.000010 0.000010 0.000010 0.000010
0.558588 0.000010 0.441362 0.000010 0.000010 0.000010 0.000010
0.507581 0.000010 0.492369 0.000010 0.000010 0.000010 0.000010
0.342985 0.000010 0.656965 0.000010 0.000010 0.000010 0.000010
0.434977 0.000010 0.564973 0.000010 0.000010 0.000010 0.000010
0.371128 0.000010 0.628822 0.000010 0.000010 0.000010 0.000010
0.376077 0.000010 0.623873 0.000010 0.000010 0.000010 0.000010
0.383007 0.000010 0.616943 0.000010 0.000010 0.000010 0.000010
0.368206 0.000010 0.631744 0.000010 0.000010 0.000010 0.000010
0.358926 0.000010 0.641024 0.000010 0.000010 0.000010 0.000010
0.599272 0.000010 0.400678 0.000010 0.000010 0.000010 0.000010
0.509277 0.000010 0.490673 0.000010 0.000010 0.000010 0.000010
0.000010 0.044376 0.033802 0.614835 0.138101 0.022391 0.146486
0.000010 0.004943 0.000010 0.672737 0.192643 0.064945 0.064712
0.000010 0.048430 0.000010 0.685649 0.148007 0.000010 0.117884
0.002437 0.031843 0.000010 0.711727 0.012651 0.075988 0.165344
0.000010 0.047353 0.000010 0.608509 0.043651 0.000010 0.300458
0.000010 0.040425 0.000010 0.622049 0.019715 0.000010 0.317781
0.192526 0.000010 0.807424 0.000010 0.000010 0.000010 0.000010
0.189885 0.000010 0.810065 0.000010 0.000010 0.000010 0.000010
0.152999 0.000010 0.846951 0.000010 0.000010 0.000010 0.000010
0.234641 0.000010 0.765309 0.000010 0.000010 0.000010 0.000010
0.275574 0.000010 0.724376 0.000010 0.000010 0.000010 0.000010
0.244897 0.000010 0.755053 0.000010 0.000010 0.000010 0.000010
0.292080 0.000010 0.707870 0.000010 0.000010 0.000010 0.000010
0.369108 0.000010 0.630842 0.000010 0.000010 0.000010 0.000010
0.368411 0.000010 0.631539 0.000010 0.000010 0.000010 0.000010
0.298753 0.000010 0.701197 0.000010 0.000010 0.000010 0.000010
0.150251 0.000010 0.849699 0.000010 0.000010 0.000010 0.000010
0.192632 0.000010 0.807318 0.000010 0.000010 0.000010 0.000010
0.437192 0.000010 0.562758 0.000010 0.000010 0.000010 0.000010
0.263761 0.000010 0.736189 0.000010 0.000010 0.000010 0.000010
0.372890 0.000010 0.627051 0.000010 0.000018 0.000010 0.000010
0.362718 0.000010 0.637232 0.000010 0.000010 0.000010 0.000010
0.340924 0.000010 0.659026 0.000010 0.000010 0.000010 0.000010
0.338493 0.000010 0.661457 0.000010 0.000010 0.000010 0.000010
0.240502 0.000010 0.759448 0.000010 0.000010 0.000010 0.000010
0.206793 0.000010 0.793157 0.000010 0.000010 0.000010 0.000010
0.219638 0.000010 0.780312 0.000010 0.000010 0.000010 0.000010
0.287627 0.000010 0.711966 0.000010 0.000010 0.000010 0.000368
0.250984 0.000010 0.748966 0.000010 0.000010 0.000010 0.000010
0.290275 0.000010 0.709675 0.000010 0.000010 0.000010 0.000010
0.242002 0.000010 0.757948 0.000010 0.000010 0.000010 0.000010
0.315481 0.000010 0.684469 0.000010 0.000010 0.000010 0.000010
0.246879 0.000010 0.753071 0.000010 0.000010 0.000010 0.000010
0.350627 0.000010 0.649323 0.000010 0.000010 0.000010 0.000010
0.290204 0.000010 0.709746 0.000010 0.000010 0.000010 0.000010
0.274783 0.000010 0.725167 0.000010 0.000010 0.000010 0.000010
0.353758 0.000010 0.646192 0.000010 0.000010 0.000010 0.000010
0.320510 0.000010 0.679438 0.000012 0.000010 0.000010 0.000010
0.321505 0.000010 0.678445 0.000010 0.000010 0.000010 0.000010
0.284570 0.000010 0.715380 0.000010 0.000010 0.000010 0.000010
0.219196 0.000010 0.780754 0.000010 0.000010 0.000010 0.000010
0.211540 0.000010 0.788410 0.000010 0.000010 0.000010 0.000010
0.227950 0.000010 0.772000 0.000010 0.000010 0.000010 0.000010
0.289484 0.000010 0.710466 0.000010 0.000010 0.000010 0.000010
0.234136 0.000010 0.765814 0.000010 0.000010 0.000010 0.000010
0.001157 0.032218 0.000010 0.800612 0.013230 0.074889 0.077884
0.000010 0.039252 0.003319 0.572663 0.009407 0.126095 0.249253
0.000010 0.053314 0.000010 0.685155 0.004263 0.091646 0.165602
0.000010 0.000010 0.000010 0.446259 0.161344 0.097189 0.295178
0.000010 0.000010 0.000010 0.580983 0.093419 0.097918 0.227650
0.000010 0.021782 0.000010 0.640111 0.000010 0.129620 0.208458
0.000010 0.000305 0.000010 0.576743 0.106027 0.102764 0.214141
0.000010 0.005621 0.000010 0.639668 0.090671 0.037442 0.226578
0.000010 0.000010 0.000010 0.515213 0.000010 0.295486 0.189261
0.000010 0.000010 0.016117 0.573648 0.083678 0.000010 0.326526
0.000010 0.035760 0.000010 0.555127 0.016565 0.140313 0.252215
0.030489 0.000010 0.969461 0.000010 0.000010 0.000010 0.000010
0.010804 0.000010 0.989146 0.000010 0.000010 0.000010 0.000010
0.000010 0.007139 0.992811 0.000010 0.000010 0.000010 0.000010
0.000010 0.000010 0.999940 0.000010 0.000010 0.000010 0.000010
0.000010 0.007058 0.992892 0.000010 0.000010 0.000010 0.000010
0.011313 0.010962 0.977686 0.000010 0.000010 0.000010 0.000010
0.081083 0.000010 0.918867 0.000010 0.000010 0.000010 0.000010
0.109856 0.000010 0.883819 0.000010 0.000010 0.000010 0.006285
0.000010 0.000010 0.999940 0.000010 0.000010 0.000010 0.000010
0.000011 0.000010 0.993207 0.000010 0.000010 0.000010 0.006742
0.092353 0.000010 0.907597 0.000010 0.000010 0.000010 0.000010
0.104798 0.000010 0.895152 0.000010 0.000010 0.000010 0.000010
0.067010 0.000010 0.932940 0.000010 0.000010 0.000010 0.000010
0.046613 0.000010 0.953337 0.000010 0.000010 0.000010 0.000010
0.000010 0.000010 0.999940 0.000010 0.000010 0.000010 0.000010
0.015535 0.000010 0.981322 0.000010 0.000010 0.000010 0.003103
0.000010 0.000010 0.999940 0.000010 0.000010 0.000010 0.000010
0.000010 0.000010 0.000010 0.758182 0.099475 0.046733 0.095580
0.000010 0.000010 0.000010 0.782186 0.035766 0.058211 0.123807
0.000010 0.019860 0.002809 0.506517 0.259105 0.050922 0.160777
0.000010 0.000010 0.000010 0.682711 0.126963 0.000010 0.190286
0.000010 0.000010 0.049655 0.451159 0.183602 0.005123 0.310441
0.000010 0.003905 0.000010 0.524888 0.256303 0.044899 0.169985
0.000010 0.043220 0.000010 0.384890 0.266452 0.033439 0.271978
0.000010 0.008003 0.000010 0.720506 0.083060 0.000010 0.188401
0.000010 0.023633 0.000010 0.565726 0.218874 0.000010 0.191737
0.000485 0.055194 0.000010 0.658040 0.154233 0.000010 0.132028
0.000010 0.029559 0.000010 0.709592 0.033165 0.127728 0.099935
0.000010 0.000010 0.000010 0.601472 0.111995 0.000010 0.286493
0.000010 0.000010 0.000010 0.751439 0.063162 0.003805 0.181564
0.016473 0.005704 0.000010 0.628248 0.067612 0.000010 0.281943
0.000010 0.000010 0.000010 0.715522 0.101975 0.000010 0.182462
0.000010 0.000010 0.000010 0.733403 0.092112 0.000010 0.174445
0.000010 0.000010 0.000010 0.841878 0.020576 0.000010 0.137505
0.000010 0.000010 0.000010 0.762343 0.030274 0.036377 0.170976
0.000010 0.000010 0.010239 0.860077 0.000010 0.000010 0.129644
0.000010 0.000010 0.000010 0.747667 0.037612 0.000010 0.214682
0.006073 0.039270 0.000010 0.748400 0.055738 0.027775 0.122734
0.000010 0.000010 0.009708 0.825634 0.053830 0.000010 0.110799
0.000010 0.070559 0.000010 0.597441 0.042546 0.234388 0.055045
0.000010 0.019379 0.000010 0.717897 0.018651 0.029849 0.214204
0.000010 0.022480 0.000010 0.528594 0.099989 0.000010 0.348907
0.000010 0.003092 0.000010 0.717384 0.034429 0.000010 0.245065
0.000010 0.003750 0.000010 0.579470 0.216854 0.000010 0.199896
0.000010 0.000010 0.000010 0.605088 0.194574 0.000010 0.200297
0.000010 0.000010 0.000010 0.473715 0.364172 0.000010 0.162073
0.000010 0.000737 0.000010 0.743653 0.177005 0.000010 0.078576
0.000010 0.056063 0.000010 0.584828 0.140961 0.062557 0.155572
0.000010 0.010527 0.000010 0.677405 0.148749 0.046603 0.116697
0.000010 0.033303 0.000010 0.574311 0.144164 0.138571 0.109630
0.005979 0.040335 0.000731 0.608292 0.140172 0.062753 0.141738
0.000010 0.040447 0.000010 0.553920 0.197799 0.156577 0.051235
0.000010 0.048345 0.000010 0.741432 0.056525 0.041923 0.111756
0.000010 0.000010 0.000010 0.645515 0.071932 0.115618 0.166905
0.000010 0.012641 0.005860 0.712021 0.093534 0.000010 0.175924
0.000010 0.015552 0.000010 0.839743 0.050419 0.000010 0.094256
0.000010 0.010751 0.000010 0.580351 0.191390 0.092177 0.125311
0.007014 0.000010 0.000010 0.601558 0.056885 0.129868 0.204656
0.000010 0.027020 0.000743 0.466238 0.077393 0.243007 0.185589
0.000010 0.004561 0.000010 0.704111 0.042748 0.148751 0.099808
0.000010 0.023290 0.000010 0.579614 0.065225 0.176766 0.155084
0.000010 0.000010 0.000010 0.452788 0.369276 0.121336 0.056569
0.000010 0.011697 0.000010 0.249244 0.414741 0.190172 0.134126
0.000010 0.000937 0.005429 0.320146 0.396290 0.161958 0.115230
0.000010 0.000010 0.000010 0.557111 0.241929 0.063043 0.137887
0.004861 0.000010 0.000010 0.663969 0.122420 0.087122 0.121608
0.000010 0.000010 0.000010 0.735287 0.000010 0.132625 0.132048
0.000010 0.000010 0.000010 0.723122 0.000010 0.000010 0.276828
0.000010 0.000010 0.000010 0.774248 0.000010 0.037550 0.188161
0.000010 0.000010 0.000010 0.490627 0.286000 0.050850 0.172493
0.000010 0.000010 0.000010 0.735004 0.021709 0.110088 0.133169
0.000010 0.000010 0.000010 0.641229 0.204084 0.058807 0.095850
0.000010 0.000010 0.007985 0.766831 0.002143 0.060935 0.162086
0.000010 0.051520 0.000010 0.504540 0.211458 0.116000 0.116462
0.012533 0.024933 0.000010 0.538462 0.180539 0.105018 0.138505
0.000010 0.000010 0.000010 0.511810 0.073687 0.127190 0.287284
0.000010 0.000010 0.000010 0.518949 0.000010 0.077206 0.403805
0.000010 0.000010 0.000010 0.559055 0.049317 0.091477 0.300121
0.000010 0.010652 0.000010 0.428674 0.158051 0.108120 0.294484
0.000010 0.035937 0.000010 0.675338 0.009889 0.000010 0.278807
0.000010 0.010729 0.000010 0.542549 0.044334 0.080679 0.321689
0.000010 0.019567 0.000010 0.606481 0.161755 0.045731 0.166446
0.008536 0.003997 0.002880 0.307390 0.177409 0.005202 0.494586
0.000010 0.000010 0.000010 0.545263 0.102614 0.015011 0.337081
0.000010 0.002741 0.000738 0.354310 0.207742 0.118333 0.316127
0.000010 0.111558 0.000010 0.768383 0.018786 0.016707 0.084546
0.000010 0.025452 0.001746 0.604460 0.058035 0.061218 0.249077
0.000010 0.002313 0.027017 0.629539 0.080079 0.069563 0.191479
0.000010 0.025990 0.000010 0.591872 0.260080 0.004446 0.117591
0.000010 0.012584 0.033135 0.608976 0.276337 0.000010 0.068948
0.000010 0.062969 0.000010 0.752735 0.042723 0.000010 0.141542
0.000010 0.003465 0.000665 0.715858 0.084161 0.116404 0.079437
0.000010 0.039638 0.000010 0.695089 0.079950 0.000010 0.185293
0.000010 0.056065 0.000010 0.658932 0.115476 0.022052 0.147454
0.012588 0.003931 0.015210 0.621446 0.089067 0.000010 0.257748
0.000010 0.059782 0.014778 0.672823 0.118211 0.000010 0.134386
0.000010 0.000010 0.000010 0.606550 0.146499 0.161849 0.085072
0.000010 0.000010 0.022225 0.532863 0.250008 0.011606 0.183278
0.000010 0.000010 0.000010 0.711104 0.099124 0.000010 0.189732
0.000010 0.000010 0.000010 0.727918 0.161467 0.000010 0.110575
0.000010 0.000010 0.000010 0.476941 0.087226 0.061314 0.374488
0.026416 0.000010 0.000010 0.514383 0.138046 0.135901 0.185235
0.000010 0.008101 0.000010 0.513751 0.110963 0.029836 0.337328
0.005989 0.024672 0.005022 0.511048 0.114066 0.038722 0.300482
0.000010 0.037010 0.000010 0.625717 0.036403 0.077011 0.223840
0.000010 0.034986 0.000010 0.649738 0.039571 0.057924 0.217761
0.000010 0.000010 0.000010 0.708403 0.000010 0.065915 0.225643
0.000010 0.000010 0.000010 0.480706 0.340550 0.054117 0.124597
0.000010 0.000010 0.000010 0.627594 0.162200 0.039116 0.171061
0.007258 0.043146 0.004973 0.639210 0.106381 0.059096 0.139935
0.000010 0.000010 0.000010 0.658841 0.110451 0.000010 0.230668
0.000010 0.029484 0.000010 0.691454 0.160728 0.000010 0.118305
0.000010 0.000010 0.000010 0.221891 0.602498 0.000010 0.175571
0.000010 0.031229 0.009232 0.361368 0.472941 0.026290 0.098930
0.000010 0.028900 0.002665 0.331514 0.509439 0.002802 0.124671
0.000010 0.000010 0.000010 0.701803 0.094005 0.025894 0.178268
0.000010 0.034941 0.000010 0.805596 0.028993 0.053534 0.076916
0.000010 0.000010 0.000010 0.610220 0.231111 0.018552 0.140087
0.000010 0.057627 0.000010 0.475599 0.090745 0.000010 0.375998
0.000010 0.004188 0.000010 0.642478 0.000010 0.030280 0.323024
0.000010 0.038238 0.000010 0.567698 0.072582 0.000010 0.321452
0.007728 0.000010 0.000010 0.551515 0.035288 0.133628 0.271821
0.000010 0.009722 0.022042 0.653500 0.092477 0.000010 0.222238
0.000010 0.000010 0.023196 0.646937 0.035025 0.045015 0.249806
0.001443 0.000010 0.000010 0.636138 0.000010 0.135980 0.226409
0.000010 0.000010 0.000010 0.637148 0.000010 0.025590 0.337223
0.000010 0.000010 0.000010 0.746328 0.000010 0.048582 0.205050
0.004599 0.000010 0.005716 0.778310 0.043886 0.045596 0.121882
0.000010 0.000010 0.000010 0.467077 0.240056 0.072167 0.220671
0.013231 0.000010 0.000010 0.643798 0.156466 0.000010 0.186475
0.000010 0.023933 0.000010 0.464030 0.128412 0.143672 0.239933
0.000010 0.087725 0.000010 0.412380 0.212072 0.108218 0.179586
0.000010 0.019689 0.000010 0.329065 0.276151 0.177656 0.197419
0.013791 0.000010 0.047875 0.693610 0.063275 0.000010 0.181430
0.000010 0.000010 0.000010 0.697460 0.000010 0.195062 0.107438
0.030257 0.000010 0.051479 0.729815 0.063679 0.003480 0.121281
0.000010 0.000010 0.022621 0.539673 0.000010 0.180920 0.256756
0.000010 0.032521 0.000010 0.483666 0.030194 0.121710 0.331888
0.000010 0.025238 0.000010 0.481861 0.035337 0.191863 0.265682
0.000010 0.000010 0.000010 0.723832 0.132582 0.084784 0.058773
0.010228 0.027407 0.000010 0.657870 0.185945 0.098776 0.019763
0.000010 0.037946 0.001060 0.576740 0.045757 0.129689 0.208799
0.000010 0.004158 0.000010 0.563295 0.143227 0.053587 0.235712
0.000010 0.000010 0.000010 0.596334 0.000010 0.397037 0.006589
0.018287 0.000010 0.000010 0.195324 0.000010 0.021000 0.765359
0.000010 0.016470 0.000010 0.413713 0.265010 0.059404 0.245383
0.000010 0.000010 0.007799 0.269605 0.134358 0.000010 0.588208
0.000010 0.000010 0.016697 0.441496 0.009610 0.032994 0.499184
0.000082 0.000010 0.000010 0.664983 0.032164 0.069584 0.233168
0.000010 0.000010 0.000010 0.472493 0.042713 0.052315 0.432449
0.000010 0.000010 0.000010 0.684261 0.000010 0.109692 0.206007
0.000010 0.020743 0.000010 0.362831 0.016274 0.010799 0.589332
0.000010 0.000010 0.000010 0.569378 0.000010 0.063805 0.366777
0.000010 0.028443 0.001087 0.458596 0.046009 0.039390 0.426464
0.000010 0.028944 0.000010 0.532438 0.027985 0.056819 0.353794
0.000010 0.022848 0.000010 0.500487 0.072387 0.086157 0.318101
0.000010 0.000010 0.000010 0.698705 0.000010 0.097032 0.204223
0.000010 0.000010 0.015981 0.749984 0.000010 0.017660 0.216345
0.000010 0.000010 0.000300 0.719880 0.000010 0.053332 0.226458
0.000010 0.000010 0.014726 0.720331 0.028327 0.000010 0.236586
0.004124 0.000010 0.000010 0.512105 0.013323 0.108958 0.361470
0.000010 0.000010 0.000010 0.643064 0.023316 0.000010 0.333581
0.000010 0.000010 0.000010 0.751862 0.025303 0.081369 0.141436
0.000010 0.016779 0.000010 0.500455 0.050844 0.138948 0.292955
0.000010 0.000010 0.000010 0.638692 0.028945 0.093662 0.238671
0.000010 0.056747 0.000010 0.273250 0.143473 0.033074 0.493436
0.000010 0.018776 0.000010 0.561826 0.108180 0.017914 0.293284
0.000010 0.033045 0.000010 0.436182 0.215810 0.016766 0.298177
0.038428 0.000010 0.000010 0.804495 0.000010 0.000010 0.157037
0.000010 0.000010 0.000010 0.450892 0.108869 0.096399 0.343810
0.008153 0.007514 0.000010 0.626701 0.056764 0.018005 0.282853
0.000010 0.000010 0.000010 0.462785 0.016342 0.159439 0.361404
0.000010 0.012633 0.000010 0.617700 0.033873 0.019276 0.316497
0.000010 0.000010 0.000010 0.614811 0.030005 0.028977 0.326177
0.003461 0.000010 0.000010 0.551920 0.000010 0.020419 0.424169
0.000010 0.023714 0.002078 0.764095 0.015761 0.092115 0.102227
0.001553 0.000010 0.000010 0.679696 0.000010 0.000010 0.318711
0.019031 0.067642 0.001254 0.734060 0.000010 0.002439 0.175563
0.008241 0.024836 0.000010 0.488127 0.175128 0.000010 0.303648
0.008915 0.029328 0.000010 0.691633 0.070924 0.000296 0.198894
0.000010 0.030074 0.000010 0.549536 0.135901 0.097078 0.187391
0.001414 0.007237 0.073831 0.770307 0.006840 0.072400 0.067971
0.000010 0.018443 0.000010 0.875220 0.000010 0.106297 0.000010
0.005550 0.000010 0.041653 0.941544 0.000010 0.011223 0.000010
0.009153 0.000010 0.000010 0.342413 0.248849 0.076365 0.323201
0.000010 0.055305 0.000010 0.628854 0.000010 0.093574 0.222237
0.000010 0.047724 0.000010 0.605542 0.000010 0.072600 0.274103
0.000010 0.012383 0.000010 0.410260 0.067089 0.121858 0.388390
0.000010 0.013990 0.000010 0.435557 0.066597 0.079858 0.403977
0.000010 0.018508 0.000010 0.253430 0.099968 0.073956 0.554117
0.025027 0.017632 0.005599 0.407280 0.194520 0.016072 0.333871
0.000010 0.018874 0.000010 0.339328 0.262505 0.058442 0.320831
0.000010 0.002954 0.000010 0.333322 0.305842 0.088039 0.269823
0.000010 0.040726 0.000010 0.472758 0.265888 0.018330 0.202277
0.000010 0.000010 0.000010 0.788746 0.000010 0.026146 0.185068
0.000010 0.000010 0.000010 0.512761 0.187804 0.000010 0.299395
0.000010 0.000501 0.000012 0.656826 0.232723 0.000010 0.109918
0.009539 0.000010 0.000010 0.670331 0.015331 0.111198 0.193581
0.000010 0.000010 0.000010 0.691005 0.160784 0.000010 0.148171
0.000010 0.075472 0.000010 0.809771 0.005332 0.000010 0.109395
0.000010 0.024320 0.000010 0.689227 0.000010 0.044443 0.241980
0.000010 0.026881 0.000010 0.857128 0.000010 0.000010 0.115951
0.000010 0.000010 0.022940 0.472551 0.099073 0.025232 0.380184
0.000010 0.000010 0.000010 0.333314 0.146382 0.000010 0.520263
0.000010 0.000010 0.043385 0.530995 0.107361 0.000010 0.318230
0.000010 0.019844 0.012127 0.549606 0.000010 0.000010 0.418393
0.000010 0.000010 0.000010 0.612433 0.000010 0.010346 0.377181
0.000010 0.006209 0.000010 0.602488 0.000010 0.000010 0.391262
0.000010 0.009918 0.000010 0.764207 0.000010 0.217455 0.008390
0.000010 0.004032 0.000010 0.850482 0.000010 0.145446 0.000010
0.000010 0.005390 0.000010 0.880818 0.000010 0.113752 0.000010
0.000010 0.003324 0.000010 0.788947 0.000010 0.207689 0.000010
0.000010 0.000010 0.000010 0.831543 0.000010 0.168407 0.000010
0.000010 0.020128 0.000010 0.757841 0.000010 0.221992 0.000010
0.000010 0.020198 0.000010 0.744388 0.012383 0.223001 0.000010
0.000010 0.010474 0.000010 0.848816 0.000010 0.131499 0.009181
0.000010 0.004829 0.000010 0.865897 0.000010 0.122737 0.006506
0.000010 0.006186 0.013877 0.782713 0.016255 0.180950 0.000010
0.000010 0.069433 0.000010 0.788383 0.000010 0.142144 0.000010
0.000010 0.029963 0.000010 0.865838 0.000010 0.104159 0.000010
0.000010 0.000010 0.000010 0.712368 0.000010 0.287582 0.000010
0.000010 0.000010 0.000010 0.840409 0.000010 0.159541 0.000010
0.000010 0.000010 0.000010 0.716418 0.000010 0.283532 0.000010
0.000010 0.000010 0.000010 0.932224 0.000010 0.067726 0.000010
0.000010 0.000010 0.000010 0.869942 0.000010 0.130008 0.000010
0.000010 0.000010 0.000010 0.979628 0.000010 0.020322 0.000010
0.000010 0.000010 0.000010 0.702355 0.000010 0.297595 0.000010
0.000010 0.012892 0.000010 0.660945 0.000010 0.326123 0.000010
0.000654 0.000010 0.000010 0.707954 0.000010 0.291352 0.000010
0.000010 0.000010 0.000010 0.700034 0.000010 0.298490 0.001436
0.000010 0.000010 0.000010 0.774136 0.000010 0.225814 0.000010
0.000010 0.000010 0.000010 0.732605 0.000010 0.267345 0.000010
0.000010 0.021961 0.000010 0.808408 0.000010 0.169592 0.000010
0.000010 0.000010 0.011129 0.822558 0.000010 0.153384 0.012900
0.000010 0.016779 0.016064 0.859930 0.000010 0.107196 0.000010
0.000010 0.010442 0.006277 0.746798 0.046597 0.189866 0.000010
0.000010 0.011722 0.000010 0.889470 0.000010 0.060241 0.038537
0.000010 0.000010 0.001939 0.810034 0.009858 0.167653 0.010496
0.000010 0.030501 0.000010 0.906697 0.000010 0.062762 0.000010
0.000010 0.000010 0.000010 0.832116 0.000010 0.153180 0.014664
0.000010 0.000010 0.000010 0.905626 0.000010 0.079148 0.015186
0.014262 0.005510 0.000010 0.675527 0.000010 0.304671 0.000010
0.000010 0.000010 0.009078 0.790124 0.000010 0.200757 0.000010
0.000010 0.022085 0.000010 0.761025 0.000010 0.216850 0.000010
0.000010 0.056240 0.000010 0.571574 0.033839 0.081712 0.256615
0.006528 0.049730 0.005999 0.282418 0.516284 0.038178 0.100864
0.008933 0.012263 0.000010 0.390850 0.336406 0.058521 0.193017
0.005684 0.086519 0.000010 0.601642 0.022186 0.038692 0.245267
0.000663 0.005978 0.000010 0.634876 0.000010 0.090315 0.268147
0.000010 0.031923 0.017888 0.131233 0.000010 0.000010 0.818925
0.000010 0.000010 0.000010 0.444212 0.000010 0.022956 0.532792
0.000010 0.000010 0.000010 0.307230 0.000010 0.000010 0.692720
0.000010 0.041215 0.000010 0.158864 0.000010 0.138239 0.661652
0.000010 0.015414 0.000010 0.012012 0.000010 0.000010 0.972534
0.000010 0.042948 0.000010 0.124062 0.000010 0.069648 0.763312
0.000010 0.000010 0.000010 0.293502 0.071200 0.000010 0.635259
0.000010 0.002738 0.000010 0.222151 0.000010 0.091578 0.683503
0.000010 0.000010 0.000010 0.194876 0.061789 0.000010 0.743294
0.043992 0.000010 0.955958 0.000010 0.000010 0.000010 0.000010
0.033703 0.000010 0.966247 0.000010 0.000010 0.000010 0.000010
0.075152 0.011799 0.908668 0.000010 0.000010 0.000010 0.004351
