0.000010 0.971063 0.000010 0.028917
0.048207 0.951773 0.000010 0.000010
0.107649 0.892331 0.000010 0.000010
0.032313 0.928809 0.000010 0.038868
0.000010 0.987343 0.000010 0.012637
0.024813 0.975167 0.000010 0.000010
0.000010 0.990763 0.004578 0.004649
0.000010 0.999970 0.000010 0.000010
0.027161 0.953990 0.000010 0.018838
0.000010 0.999970 0.000010 0.000010
0.051971 0.948009 0.000010 0.000010
0.000010 0.963777 0.000010 0.036203
0.000478 0.967717 0.000010 0.031795
0.000010 0.999970 0.000010 0.000010
0.029195 0.970785 0.000010 0.000010
0.047744 0.927633 0.000010 0.024613
0.013745 0.964352 0.000010 0.021893
0.067520 0.896518 0.000010 0.035952
0.003152 0.996828 0.000010 0.000010
0.031314 0.968666 0.000010 0.000010
0.053596 0.946384 0.000010 0.000010
0.002736 0.997244 0.000010 0.000010
0.055742 0.944238 0.000010 0.000010
0.088967 0.849834 0.000010 0.061189
0.011817 0.988163 0.000010 0.000010
0.023685 0.976295 0.000010 0.000010
0.000010 0.999970 0.000010 0.000010
0.098398 0.901582 0.000010 0.000010
0.029687 0.970293 0.000010 0.000010
0.000010 0.999970 0.000010 0.000010
0.091294 0.908686 0.000010 0.000010
0.020317 0.970678 0.000010 0.008994
0.000010 0.999970 0.000010 0.000010
0.084064 0.915916 0.000010 0.000010
0.020416 0.979564 0.000010 0.000010
0.000010 0.999970 0.000010 0.000010
0.003954 0.940369 0.000010 0.055667
0.052740 0.911792 0.000010 0.035458
0.035862 0.964118 0.000010 0.000010
0.000010 0.999970 0.000010 0.000010
0.006549 0.937885 0.000010 0.055556
0.094696 0.905284 0.000010 0.000010
0.056159 0.943821 0.000010 0.000010
0.000010 0.999970 0.000010 0.000010
0.000010 0.985534 0.000010 0.014446
0.020781 0.979199 0.000010 0.000010
0.000010 0.999970 0.000010 0.000010
0.009913 0.971439 0.000010 0.018638
0.000010 0.944278 0.000010 0.055702
0.000010 0.972520 0.000010 0.027460
0.011495 0.950463 0.000010 0.038031
0.000010 0.987813 0.012167 0.000010
0.011573 0.988407 0.000010 0.000010
0.029449 0.970531 0.000010 0.000010
0.027147 0.972833 0.000010 0.000010
0.042225 0.957755 0.000010 0.000010
0.000010 0.965929 0.000010 0.034051
0.000010 0.992928 0.000010 0.007052
0.000010 0.975995 0.000010 0.023985
0.025120 0.956128 0.000010 0.018742
0.000010 0.999970 0.000010 0.000010
0.025093 0.974887 0.000010 0.000010
0.023864 0.944948 0.000010 0.031178
0.013741 0.928877 0.000010 0.057373
0.017387 0.882401 0.000010 0.100202
0.026983 0.807713 0.000010 0.165294
0.000010 0.896522 0.000010 0.103458
0.053318 0.841058 0.000010 0.105614
0.059658 0.728635 0.000010 0.211697
0.000010 0.906257 0.000010 0.093723
0.021542 0.919102 0.000010 0.059346
0.000010 0.938120 0.000010 0.061860
0.000010 0.941859 0.000010 0.058121
0.026067 0.946690 0.000010 0.027232
0.000010 0.883744 0.000010 0.116236
0.002978 0.851656 0.000010 0.145355
0.080009 0.827794 0.000010 0.092187
0.016325 0.887552 0.000010 0.096113
0.000010 0.940835 0.000010 0.059145
0.033171 0.864257 0.000010 0.102562
0.055845 0.944135 0.000010 0.000010
0.044086 0.954428 0.000010 0.001476
0.104135 0.895845 0.000010 0.000010
0.000010 0.999970 0.000010 0.000010
0.000011 0.999969 0.000010 0.000010
0.000010 0.999970 0.000010 0.000010
0.042687 0.957293 0.000010 0.000010
0.000010 0.959499 0.000010 0.040481
0.053449 0.942871 0.000010 0.003670
0.079265 0.903438 0.000010 0.017287
0.052445 0.947535 0.000010 0.000010
0.045760 0.948669 0.005560 0.000010
0.008515 0.919065 0.000010 0.072410
0.021533 0.959017 0.000010 0.019440
0.040480 0.959500 0.000010 0.000010
0.024938 0.975042 0.000010 0.000010
0.022441 0.977539 0.000010 0.000010
0.000010 0.999970 0.000010 0.000010
0.000010 0.957651 0.000010 0.042329
0.000010 0.999970 0.000010 0.000010
0.000010 0.999970 0.000010 0.000010
0.025743 0.974237 0.000010 0.000010
0.000010 0.983039 0.000010 0.016941
0.000010 0.999970 0.000010 0.000010
0.009623 0.990357 0.000010 0.000010
0.000010 0.912031 0.006395 0.081564
0.000010 0.999970 0.000010 0.000010
0.011494 0.988486 0.000010 0.000010
0.006973 0.993007 0.000010 0.000010
0.028567 0.971413 0.000010 0.000010
0.007258 0.992722 0.000010 0.000010
0.022759 0.977221 0.000010 0.000010
0.039589 0.960391 0.000010 0.000010
0.033426 0.966554 0.000010 0.000010
0.033148 0.957218 0.000010 0.009624
0.022009 0.883349 0.000010 0.094632
0.032196 0.860843 0.000010 0.106951
0.000010 0.917974 0.000010 0.082006
0.129430 0.852801 0.000010 0.017759
0.007760 0.852534 0.000010 0.139696
0.087494 0.834761 0.000010 0.077735
0.018206 0.889828 0.000010 0.091956
0.027702 0.897968 0.000010 0.074320
0.030756 0.914257 0.000010 0.054977
0.028196 0.835988 0.000010 0.135806
0.002889 0.977957 0.000010 0.019144
0.000010 0.936880 0.000010 0.063100
0.114395 0.858410 0.000010 0.027184
0.068112 0.891540 0.000010 0.040338
0.081570 0.918410 0.000010 0.000010
0.087957 0.876766 0.000010 0.035267
0.046711 0.864774 0.000010 0.088505
0.068394 0.896252 0.000010 0.035344
0.000010 0.960455 0.000010 0.039525
0.000010 0.907313 0.000010 0.092667
0.043052 0.906406 0.000010 0.050532
0.087481 0.912499 0.000010 0.000010
0.040555 0.891501 0.000010 0.067934
0.049240 0.847143 0.000010 0.103607
0.066943 0.858447 0.000010 0.074600
0.041265 0.948199 0.000010 0.010526
0.000727 0.870203 0.000010 0.129059
0.057384 0.834176 0.000010 0.108430
0.007153 0.919133 0.000010 0.073704
0.006769 0.884384 0.000010 0.108836
0.099808 0.784973 0.000010 0.115209
0.000013 0.941264 0.000010 0.058713
0.094218 0.835159 0.000010 0.070614
0.078428 0.867127 0.000010 0.054435
0.062519 0.887076 0.000010 0.050395
0.000010 0.865150 0.000010 0.134830
0.024836 0.975144 0.000010 0.000010
0.042086 0.864698 0.000010 0.093206
0.137270 0.778316 0.000010 0.084404
0.141458 0.837485 0.000010 0.021047
0.034828 0.965152 0.000010 0.000010
0.002590 0.915585 0.000010 0.081815
0.006155 0.869281 0.004615 0.119949
0.046287 0.953693 0.000010 0.000010
0.053100 0.904667 0.000010 0.042223
0.046016 0.880514 0.000010 0.073460
0.013980 0.920855 0.000010 0.065155
0.078219 0.870711 0.000010 0.051059
0.006634 0.906303 0.000010 0.087053
0.001870 0.952882 0.000010 0.045238
0.073881 0.926099 0.000010 0.000010
0.000010 0.946387 0.000010 0.053593
0.039443 0.800797 0.000010 0.159751
0.087446 0.912534 0.000010 0.000010
0.051638 0.939224 0.000010 0.009128
0.060611 0.883497 0.000010 0.055883
0.033516 0.928309 0.000010 0.038165
0.000010 0.905509 0.000010 0.094471
0.057657 0.914117 0.000010 0.028217
0.048072 0.835727 0.000010 0.116191
0.016774 0.907919 0.000010 0.075296
0.006057 0.894993 0.000010 0.098939
0.052916 0.855953 0.000010 0.091121
0.036850 0.821999 0.000010 0.141141
0.076002 0.821776 0.000010 0.102212
0.055271 0.906638 0.000010 0.038081
0.009210 0.872402 0.000010 0.118378
0.053798 0.900736 0.000010 0.045456
0.057555 0.860271 0.000010 0.082164
0.000010 0.916385 0.000010 0.083595
0.098977 0.798001 0.000010 0.103013
0.059521 0.839758 0.000010 0.100711
0.087722 0.803205 0.000010 0.109063
0.089730 0.910250 0.000010 0.000010
0.000010 0.944184 0.000010 0.055796
0.071180 0.821897 0.000010 0.106913
0.000010 0.869236 0.000010 0.130744
0.080146 0.900698 0.000010 0.019146
0.045749 0.901940 0.000010 0.052301
0.020283 0.923589 0.000010 0.056118
0.005799 0.901944 0.000010 0.092247
0.043334 0.900754 0.000010 0.055902
0.030318 0.922042 0.000010 0.047630
0.000010 0.000010 0.000010 0.999970
0.000010 0.000010 0.000010 0.999970
0.000010 0.000010 0.000010 0.999970
0.000010 0.000010 0.000010 0.999970
0.004537 0.000010 0.000010 0.995443
0.021451 0.000010 0.000010 0.978529
0.000010 0.000010 0.000010 0.999970
0.000010 0.013153 0.000010 0.986827
0.004632 0.000010 0.000010 0.995348
0.000010 0.000010 0.000010 0.999970
0.016358 0.000010 0.000010 0.983622
0.011155 0.002829 0.000010 0.986005
0.000893 0.000010 0.000010 0.999087
0.000010 0.000010 0.000010 0.999970
0.000010 0.000010 0.000010 0.999970
0.000010 0.000010 0.000010 0.999970
0.000010 0.000010 0.000010 0.999970
0.000010 0.000010 0.000010 0.999970
0.015383 0.000010 0.000010 0.984597
0.000010 0.000010 0.000010 0.999970
0.010535 0.000010 0.000010 0.989445
0.048604 0.000010 0.000010 0.951376
0.005243 0.000010 0.000010 0.994737
0.000010 0.000010 0.000010 0.999970
0.000010 0.000010 0.000010 0.999970
0.000010 0.000010 0.000010 0.999970
0.000010 0.000010 0.000010 0.999970
0.004958 0.000010 0.000010 0.995022
0.016649 0.000010 0.000010 0.983331
0.000010 0.000010 0.000010 0.999970
0.000010 0.000010 0.000010 0.999970
0.000010 0.000010 0.000010 0.999970
0.000010 0.000010 0.000010 0.999970
0.000010 0.000010 0.000010 0.999970
0.001743 0.000010 0.000010 0.998237
0.014515 0.000010 0.000010 0.985465
0.000010 0.000010 0.000010 0.999970
0.000010 0.000010 0.000010 0.999970
0.000010 0.000010 0.000010 0.999970
0.000010 0.000010 0.000010 0.999970
0.000010 0.000010 0.000010 0.999970
0.000010 0.000010 0.000010 0.999970
0.009228 0.000010 0.000010 0.990752
0.000010 0.000010 0.000010 0.999970
0.000010 0.000010 0.000010 0.999970
0.000010 0.000010 0.000010 0.999970
0.000010 0.000010 0.000010 0.999970
0.000010 0.000010 0.000010 0.999970
0.018728 0.000010 0.000010 0.981252
0.002060 0.000010 0.000010 0.997920
0.000010 0.000010 0.000010 0.999970
0.000010 0.000010 0.000010 0.999970
0.043499 0.000010 0.000010 0.956481
0.000010 0.000010 0.000010 0.999970
0.017098 0.003001 0.000010 0.979890
0.026172 0.001572 0.000010 0.972246
0.034346 0.005472 0.000010 0.960172
0.050266 0.000010 0.000010 0.949714
0.000010 0.000010 0.000010 0.999970
0.017263 0.000010 0.000010 0.982717
0.000011 0.000010 0.000010 0.999969
0.007572 0.000010 0.000010 0.992408
0.000010 0.000010 0.000010 0.999970
0.053571 0.000010 0.000010 0.946409
0.000010 0.000010 0.000010 0.999970
0.018026 0.000010 0.000010 0.981954
0.219695 0.662745 0.088718 0.028842
0.022361 0.825799 0.084415 0.067425
0.341627 0.425415 0.219407 0.013551
0.149944 0.766228 0.070486 0.013342
0.227147 0.625906 0.144818 0.002129
0.000010 0.000010 0.000010 0.999970
0.000010 0.000010 0.000010 0.999970
0.004792 0.000010 0.000010 0.995188
0.012555 0.000010 0.000010 0.987425
0.000010 0.000010 0.000010 0.999970
0.019741 0.000010 0.000010 0.980239
0.000010 0.006078 0.000010 0.993902
0.000010 0.000010 0.000010 0.999970
0.000010 0.000010 0.000010 0.999970
0.000010 0.000010 0.000010 0.999970
0.000010 0.000010 0.000010 0.999970
0.000010 0.000010 0.000010 0.999970
0.000010 0.000010 0.000010 0.999970
0.015299 0.000010 0.000010 0.984681
0.013317 0.000010 0.000010 0.986663
0.000010 0.000010 0.000010 0.999970
0.000010 0.000010 0.000010 0.999970
0.000010 0.000010 0.000010 0.999970
0.000010 0.000010 0.000010 0.999970
0.000010 0.000010 0.000010 0.999970
0.000010 0.000010 0.000010 0.999970
0.034433 0.023642 0.000010 0.941915
0.000010 0.000010 0.000010 0.999970
0.000010 0.000010 0.000010 0.999970
0.022989 0.016429 0.000010 0.960572
0.000010 0.000010 0.000010 0.999970
0.000010 0.010824 0.000010 0.989156
0.000010 0.000010 0.000010 0.999970
0.000010 0.000010 0.000010 0.999970
0.000010 0.000010 0.000010 0.999970
0.001369 0.000010 0.000010 0.998611
0.000010 0.000010 0.000010 0.999970
0.000010 0.000010 0.000010 0.999970
0.000010 0.000010 0.000010 0.999970
0.000010 0.000010 0.000010 0.999970
0.000010 0.000010 0.000010 0.999970
0.061667 0.000010 0.000010 0.938313
0.000010 0.000010 0.000010 0.999970
0.002817 0.000010 0.000010 0.997163
0.001682 0.000010 0.000010 0.998298
0.000010 0.000010 0.000010 0.999970
0.000010 0.000010 0.000010 0.999970
0.000010 0.000010 0.000010 0.999970
0.015610 0.000010 0.000010 0.984370
0.000010 0.000010 0.000010 0.999970
0.000010 0.000010 0.000010 0.999970
0.000010 0.000010 0.000010 0.999970
0.000010 0.000010 0.000010 0.999970
0.170345 0.600802 0.123848 0.105006
0.148264 0.667307 0.179527 0.004902
0.128273 0.636441 0.141468 0.093819
0.141974 0.832216 0.025801 0.000010
0.228516 0.669551 0.050204 0.051729
0.261562 0.699024 0.039404 0.000010
0.000010 0.000010 0.000010 0.999970
0.000010 0.000010 0.000010 0.999970
0.004732 0.000010 0.000010 0.995248
0.000010 0.000010 0.000010 0.999970
0.000010 0.000010 0.000010 0.999970
0.011828 0.000010 0.000010 0.988152
0.000010 0.000010 0.000010 0.999970
0.000010 0.000010 0.000010 0.999970
0.000010 0.000010 0.000010 0.999970
0.000010 0.000010 0.000010 0.999970
0.000010 0.000010 0.000010 0.999970
0.000010 0.000010 0.000010 0.999970
0.036723 0.000010 0.000010 0.963257
0.014389 0.000010 0.000010 0.985591
0.031104 0.000010 0.000010 0.968876
0.000010 0.000010 0.000010 0.999970
0.000010 0.000010 0.000010 0.999970
0.000010 0.000010 0.000010 0.999970
0.000010 0.000010 0.000010 0.999970
0.000010 0.000010 0.000010 0.999970
0.000010 0.000010 0.004210 0.995770
0.000010 0.000010 0.000010 0.999970
0.016973 0.000010 0.000010 0.983007
0.000010 0.000010 0.000010 0.999970
0.000010 0.000010 0.000010 0.999970
0.000010 0.000010 0.000010 0.999970
0.018674 0.000010 0.000010 0.981306
0.000010 0.013458 0.000010 0.986522
0.000010 0.000010 0.000010 0.999970
0.000010 0.000010 0.000010 0.999970
0.000010 0.000010 0.000010 0.999970
0.000010 0.000010 0.000010 0.999970
0.000010 0.000010 0.000010 0.999970
0.000010 0.000010 0.000010 0.999970
0.000010 0.000010 0.000010 0.999970
0.010427 0.000010 0.000010 0.989553
0.000010 0.000010 0.000010 0.999970
0.020949 0.000010 0.000010 0.979031
0.000010 0.000010 0.000010 0.999970
0.136260 0.820394 0.029976 0.013369
0.297670 0.621733 0.030672 0.049925
0.200640 0.693613 0.017926 0.087821
0.229823 0.462142 0.197277 0.110757
0.243260 0.634071 0.109868 0.012801
0.199313 0.760656 0.010884 0.029147
0.229480 0.650757 0.119754 0.000010
0.216559 0.656774 0.117103 0.009564
0.181021 0.818959 0.000010 0.000010
0.315152 0.553349 0.127914 0.003585
0.274818 0.702639 0.020614 0.001929
0.017610 0.000010 0.000010 0.982370
0.000010 0.000010 0.000010 0.999970
0.000010 0.000010 0.000010 0.999970
0.000010 0.000018 0.000010 0.999962
0.000010 0.000010 0.000010 0.999970
0.012651 0.010265 0.000010 0.977074
0.000010 0.000010 0.000010 0.999970
0.007313 0.000010 0.000010 0.992667
0.000010 0.000010 0.000010 0.999970
0.031077 0.000010 0.000010 0.968903
0.000010 0.000010 0.000010 0.999970
0.000010 0.000010 0.000010 0.999970
0.000010 0.000010 0.000010 0.999970
0.002396 0.000010 0.000010 0.997584
0.000010 0.000010 0.000010 0.999970
0.024994 0.000010 0.000010 0.974986
0.004670 0.000010 0.000010 0.995310
0.130070 0.754797 0.115123 0.000010
0.074970 0.816803 0.081010 0.027217
0.115740 0.614240 0.258256 0.011763
0.089184 0.694040 0.137657 0.079119
0.254164 0.466030 0.155109 0.124697
0.184774 0.604606 0.210611 0.000010
0.280936 0.514216 0.193342 0.011506
0.179468 0.721184 0.085853 0.013495
0.178632 0.615250 0.205619 0.000498
0.080794 0.727808 0.131206 0.060192
0.084875 0.872210 0.042905 0.000010
0.267876 0.621064 0.110623 0.000437
0.123403 0.802835 0.073752 0.000010
0.220693 0.671768 0.085672 0.021867
0.271916 0.622601 0.105473 0.000010
0.207748 0.683594 0.108649 0.000010
0.145478 0.824359 0.030152 0.000010
0.182437 0.787661 0.029892 0.000010
0.132454 0.821969 0.018586 0.026992
0.174824 0.736393 0.046176 0.042607
0.061895 0.845676 0.077914 0.014516
0.036407 0.820945 0.084092 0.058556
0.094320 0.832634 0.030118 0.042928
0.223696 0.721529 0.026297 0.028478
0.340966 0.528669 0.130356 0.000010
0.227136 0.731981 0.040873 0.000010
0.231615 0.508725 0.217332 0.042327
0.169047 0.622497 0.208446 0.000010
0.150629 0.461360 0.388001 0.000010
0.099303 0.741664 0.159023 0.000010
0.146931 0.687711 0.165348 0.000010
0.129833 0.706217 0.158280 0.005670
0.125528 0.749528 0.124934 0.000010
0.166256 0.630049 0.137576 0.066119
0.083649 0.713675 0.196876 0.005800
0.037271 0.831789 0.068990 0.061950
0.130469 0.790762 0.078760 0.000010
0.126745 0.742748 0.130497 0.000010
0.106653 0.808414 0.068077 0.016856
0.175528 0.641303 0.183159 0.000010
0.224613 0.710437 0.064939 0.000010
0.137453 0.777995 0.084542 0.000010
0.088278 0.865574 0.046139 0.000010
0.123086 0.809675 0.067230 0.000010
0.068810 0.517751 0.413430 0.000010
0.124319 0.489349 0.384661 0.001672
0.165225 0.431300 0.391051 0.012424
0.163390 0.568306 0.247954 0.020350
0.198334 0.706937 0.094719 0.000010
0.099964 0.879240 0.020786 0.000010
0.352852 0.647128 0.000010 0.000010
0.225445 0.774535 0.000010 0.000010
0.203676 0.487952 0.305511 0.002861
0.118653 0.861290 0.020046 0.000010
0.095872 0.688114 0.216005 0.000010
0.127242 0.854427 0.016381 0.001950
0.074289 0.663440 0.207276 0.054995
0.113178 0.663705 0.177257 0.045861
0.323740 0.595302 0.080948 0.000010
0.404553 0.560269 0.000010 0.035168
0.280451 0.666709 0.052830 0.000010
0.326429 0.477373 0.173607 0.022591
0.301750 0.684435 0.013805 0.000010
0.328295 0.616977 0.041806 0.012922
0.160106 0.694881 0.145002 0.000010
0.512147 0.322869 0.164175 0.000808
0.351008 0.542527 0.106455 0.000010
0.314562 0.499759 0.185669 0.000010
0.085761 0.873840 0.040388 0.000010
0.201516 0.684686 0.102346 0.011452
0.235056 0.673238 0.091695 0.000010
0.093213 0.603301 0.245682 0.057804
0.097442 0.595872 0.280246 0.026440
0.149453 0.715465 0.064018 0.071064
0.027230 0.860703 0.070397 0.041670
0.172062 0.704631 0.098332 0.024974
0.159945 0.711773 0.128273 0.000010
0.304798 0.534748 0.112382 0.048072
0.182631 0.661166 0.156193 0.000010
0.123854 0.704013 0.172123 0.000010
0.114469 0.557580 0.281454 0.046497
0.136532 0.774559 0.088899 0.000010
0.056732 0.746155 0.181061 0.016052
0.309913 0.591577 0.098500 0.000010
0.169790 0.642322 0.100892 0.086996
0.312417 0.568514 0.084734 0.034334
0.321842 0.556839 0.121309 0.000010
0.225529 0.672310 0.065915 0.036246
0.240425 0.663143 0.062577 0.033855
0.226612 0.773368 0.000010 0.000010
0.160964 0.508839 0.330187 0.000010
0.150562 0.710090 0.139338 0.000010
0.123536 0.702583 0.131633 0.042248
0.224739 0.636648 0.117099 0.021513
0.112134 0.705228 0.182628 0.000010
0.199472 0.200754 0.599764 0.000010
0.084086 0.399884 0.516020 0.000010
0.122435 0.376841 0.500714 0.000010
0.193253 0.687481 0.119256 0.000010
0.114286 0.833181 0.032892 0.019641
0.216957 0.558470 0.224563 0.000010
0.352508 0.557896 0.089586 0.000010
0.282396 0.717584 0.000010 0.000010
0.327506 0.607642 0.064842 0.000010
0.339923 0.605949 0.054118 0.000010
0.218039 0.660806 0.093391 0.027765
0.256422 0.634889 0.042311 0.066378
0.242843 0.757137 0.000010 0.000010
0.327061 0.672919 0.000010 0.000010
0.214158 0.785822 0.000010 0.000010
0.143445 0.729327 0.062712 0.064516
0.188828 0.546728 0.237185 0.027259
0.160658 0.577153 0.178788 0.083401
0.135291 0.692171 0.152995 0.019544
0.219582 0.548486 0.231921 0.000010
0.188511 0.532285 0.279193 0.000010
0.173959 0.740770 0.061977 0.023293
0.087260 0.907820 0.000010 0.004911
0.093137 0.788348 0.053771 0.064744
0.259489 0.694972 0.000010 0.045530
0.426752 0.548065 0.025173 0.000010
0.326998 0.635667 0.037325 0.000010
0.016092 0.821962 0.161936 0.000010
0.023059 0.773457 0.203474 0.000010
0.193966 0.732211 0.028542 0.045281
0.199099 0.661285 0.139606 0.000010
0.014739 0.985241 0.000010 0.000010
0.772115 0.182726 0.000010 0.045149
0.271433 0.454009 0.274548 0.000010
0.608453 0.221491 0.170045 0.000010
0.458080 0.440308 0.009113 0.092500
0.244818 0.725945 0.029228 0.000010
0.404776 0.564849 0.030365 0.000010
0.198129 0.761593 0.000010 0.040268
0.576888 0.394622 0.028481 0.000010
0.354806 0.645174 0.000010 0.000010
0.454199 0.497321 0.048470 0.000010
0.411142 0.561685 0.027164 0.000010
0.351820 0.578265 0.069905 0.000010
0.244731 0.755249 0.000010 0.000010
0.152838 0.762048 0.005950 0.079163
0.200861 0.781490 0.000010 0.017639
0.236249 0.704247 0.031219 0.028285
0.344508 0.606140 0.017422 0.031930
0.268399 0.667175 0.040345 0.024081
0.186763 0.790914 0.022313 0.000010
0.291358 0.629297 0.060307 0.019038
0.264351 0.699732 0.035906 0.000010
0.474203 0.364574 0.123449 0.037774
0.292489 0.580554 0.126947 0.000010
0.296466 0.503895 0.199629 0.000010
0.182106 0.750860 0.010755 0.056279
0.366851 0.535454 0.097685 0.000010
0.289700 0.651266 0.059025 0.000010
0.384515 0.599404 0.000010 0.016070
0.336546 0.621830 0.039125 0.002499
0.371585 0.585815 0.042590 0.000010
0.405984 0.573056 0.000010 0.020950
0.138986 0.813795 0.047209 0.000010
0.357539 0.581671 0.028283 0.032507
0.143326 0.773984 0.008307 0.074383
0.304806 0.445534 0.162463 0.087198
0.135609 0.676053 0.069227 0.119112
0.205325 0.663439 0.131226 0.000010
0.038079 0.839076 0.025878 0.096968
0.000010 0.969093 0.000010 0.030887
0.000010 0.923590 0.007482 0.068918
0.346617 0.402745 0.250628 0.000010
0.168608 0.779036 0.006785 0.045571
0.250122 0.733778 0.014728 0.001372
0.382074 0.555046 0.061997 0.000882
0.400210 0.514982 0.083180 0.001628
0.540060 0.362011 0.097918 0.000010
0.259602 0.477892 0.172957 0.089548
0.307826 0.412205 0.279960 0.000010
0.219868 0.476081 0.304042 0.000010
0.164480 0.598184 0.237326 0.000010
0.230339 0.752824 0.016826 0.000010
0.277098 0.552598 0.170294 0.000010
0.143284 0.593042 0.263664 0.000010
0.179072 0.795359 0.023318 0.002250
0.160185 0.665074 0.174731 0.000010
0.188051 0.788351 0.023588 0.000010
0.243783 0.756197 0.000010 0.000010
0.148926 0.836493 0.014571 0.000010
0.352953 0.535448 0.111130 0.000469
0.486351 0.353477 0.160162 0.000010
0.280149 0.572648 0.135084 0.012118
0.436464 0.512436 0.000010 0.051090
0.322345 0.611617 0.000010 0.066028
0.420259 0.522041 0.000010 0.057691
0.012538 0.981372 0.006079 0.000010
0.045583 0.938657 0.015750 0.000010
0.046300 0.953680 0.000010 0.000010
0.032677 0.965435 0.000010 0.001878
0.000010 0.975702 0.024278 0.000010
0.034746 0.954608 0.010636 0.000010
0.006321 0.954555 0.039113 0.000010
0.035669 0.949996 0.014325 0.000010
0.024249 0.961860 0.013881 0.000010
0.025242 0.947755 0.026993 0.000010
0.019078 0.918992 0.007756 0.054174
0.022066 0.949687 0.000010 0.028237
0.000010 0.999970 0.000010 0.000010
0.002072 0.997908 0.000010 0.000010
0.011055 0.988925 0.000010 0.000010
0.001083 0.998897 0.000010 0.000010
0.008318 0.973149 0.000010 0.018523
0.000010 0.999970 0.000010 0.000010
0.004997 0.994983 0.000010 0.000010
0.000010 0.999970 0.000010 0.000010
0.021350 0.978630 0.000010 0.000010
0.033075 0.940889 0.000010 0.026026
0.003354 0.979718 0.000010 0.016918
0.026857 0.973123 0.000010 0.000010
0.024458 0.975522 0.000010 0.000010
0.009635 0.987916 0.002439 0.000010
0.000010 0.999970 0.000010 0.000010
0.000010 0.875127 0.050344 0.074519
0.015386 0.939339 0.028621 0.016654
0.000010 0.918892 0.014167 0.066931
0.000010 0.999970 0.000010 0.000010
0.027762 0.965786 0.006442 0.000010
0.025240 0.973215 0.000010 0.001535
0.002630 0.995876 0.001484 0.000010
0.044221 0.955759 0.000010 0.000010
0.028812 0.971168 0.000010 0.000010
0.238908 0.665113 0.069734 0.026245
0.042106 0.329495 0.592362 0.036037
0.161799 0.378362 0.410524 0.049315
0.259658 0.668738 0.027102 0.044502
0.321925 0.671950 0.006115 0.000010
0.718495 0.189805 0.000010 0.091690
0.469321 0.527205 0.000010 0.003464
0.617328 0.382652 0.000010 0.000010
0.673679 0.313731 0.000010 0.012579
0.987709 0.012271 0.000010 0.000010
0.766334 0.233646 0.000010 0.000010
0.541973 0.364776 0.077259 0.015993
0.671953 0.328027 0.000010 0.000010
0.694937 0.217703 0.087350 0.000010
0.026345 0.000010 0.000010 0.973635
0.000010 0.000010 0.000010 0.999970
0.033293 0.000010 0.000010 0.966687
0.000010 0.024595 0.000010 0.975385
0.000010 0.029545 0.000010 0.970435
0.036215 0.000010 0.000010 0.963765
0.018911 0.980540 0.000538 0.000010
0.028464 0.971516 0.000010 0.000010
0.027363 0.972617 0.000010 0.000010
0.062247 0.913234 0.024509 0.000010
0.025476 0.950905 0.023608 0.000010
0.023736 0.976244 0.000010 0.000010
0.000010 0.975497 0.024483 0.000010
0.041866 0.933143 0.000010 0.024980
0.000086 0.940615 0.015424 0.043875
0.000010 0.916545 0.015835 0.067610
0.000010 0.918993 0.031685 0.049312
0.000010 0.956627 0.043353 0.000010
0.036964 0.962492 0.000010 0.000534
0.048022 0.951958 0.000010 0.000010
0.000010 0.999970 0.000010 0.000010
0.000010 0.976455 0.000010 0.023525
0.000010 0.965557 0.000010 0.034423
0.000010 0.999970 0.000010 0.000010
0.000010 0.913454 0.037926 0.048610
0.051364 0.934319 0.014307 0.000010
0.000010 0.969192 0.030788 0.000010
0.000010 0.979555 0.020425 0.000010
0.000010 0.976371 0.000117 0.023501
0.004230 0.944808 0.021051 0.029911
0.067327 0.916226 0.000010 0.016437
0.005569 0.974466 0.006281 0.013684
0.053585 0.943505 0.002900 0.000010
0.000010 0.960305 0.039675 0.000010
0.000010 0.972426 0.027554 0.000010
0.032693 0.941390 0.025907 0.000010
0.000010 0.941371 0.000010 0.058609
0.000010 0.995586 0.000010 0.004394
0.000010 0.999970 0.000010 0.000010
0.006917 0.993063 0.000010 0.000010
0.000010 0.995749 0.000010 0.004231
0.000010 0.976858 0.011382 0.011750
0.009659 0.954344 0.010958 0.025040
0.012140 0.969953 0.000010 0.017897
0.008625 0.991355 0.000010 0.000010
0.029921 0.970059 0.000010 0.000010
0.089853 0.910127 0.000010 0.000010
0.005251 0.994729 0.000010 0.000010
0.000010 0.999970 0.000010 0.000010
0.000010 0.960182 0.000010 0.039798
0.046984 0.948357 0.004648 0.000010
0.000010 0.987922 0.012058 0.000010
0.028442 0.971538 0.000010 0.000010
0.000010 0.996138 0.003842 0.000010
0.000010 0.973380 0.009184 0.017426
0.000010 0.967188 0.000010 0.032792
0.006292 0.979884 0.000010 0.013814
0.000010 0.999970 0.000010 0.000010
0.000010 0.999970 0.000010 0.000010
0.049241 0.839973 0.077794 0.032992
0.053018 0.889774 0.047386 0.009822
0.071436 0.824107 0.058875 0.045582
0.085592 0.892430 0.019990 0.001988
0.079279 0.835628 0.058651 0.026442
0.044426 0.831737 0.067158 0.056678
0.000010 0.999970 0.000010 0.000010
0.010625 0.989355 0.000010 0.000010
0.000010 0.999970 0.000010 0.000010
0.000010 0.929378 0.000010 0.070602
0.012439 0.969022 0.012995 0.005544
0.000010 0.925525 0.000010 0.074455
0.012726 0.955386 0.010711 0.021177
0.000010 0.983934 0.013446 0.002610
0.017903 0.946520 0.000010 0.035566
0.000010 0.947982 0.032442 0.019566
0.033011 0.929703 0.037276 0.000010
0.021670 0.938175 0.040145 0.000010
0.000010 0.993380 0.000010 0.006600
0.000010 0.999970 0.000010 0.000010
0.000010 0.980715 0.000010 0.019265
0.069156 0.919130 0.011704 0.000010
0.052106 0.922700 0.025185 0.000010
0.044783 0.911267 0.000010 0.043939
0.000010 0.999412 0.000010 0.000568
0.017096 0.960069 0.022825 0.000010
0.004534 0.988501 0.006955 0.000010
0.000010 0.970872 0.000010 0.029108
0.045228 0.954752 0.000010 0.000010
0.000010 0.999970 0.000010 0.000010
0.000010 0.999970 0.000010 0.000010
0.000010 0.999970 0.000010 0.000010
0.032624 0.967356 0.000010 0.000010
0.105398 0.894582 0.000010 0.000010
0.000010 0.947213 0.000010 0.052767
0.028889 0.967818 0.000010 0.003284
0.015514 0.961124 0.000010 0.023352
0.019565 0.940782 0.000010 0.039644
0.045354 0.949460 0.005176 0.000010
0.016931 0.961449 0.010664 0.010956
0.000010 0.969417 0.017829 0.012744
0.043675 0.956305 0.000010 0.000010
0.000010 0.999970 0.000010 0.000010
0.000010 0.999970 0.000010 0.000010
0.000010 0.999970 0.000010 0.000010
0.000010 0.000010 0.000010 0.999970
0.000010 0.000010 0.000010 0.999970
0.000010 0.045170 0.000010 0.954810
0.000010 0.000010 0.000010 0.999970
0.000010 0.000010 0.000010 0.999970
0.000010 0.000010 0.000010 0.999970
0.011065 0.000010 0.000010 0.988915
0.000010 0.000010 0.000010 0.999970
0.000010 0.000010 0.000010 0.999970
0.000010 0.000010 0.000010 0.999970
0.000010 0.011221 0.000010 0.988759
0.015388 0.000010 0.000010 0.984592
0.010824 0.000010 0.000010 0.989156
0.000010 0.000010 0.000010 0.999970
0.000010 0.000010 0.000010 0.999970
0.025892 0.000010 0.000010 0.974088
0.000010 0.014650 0.000010 0.985330
0.000010 0.000010 0.000010 0.999970
0.000010 0.000010 0.000010 0.999970
0.000010 0.000010 0.000010 0.999970
0.000010 0.006101 0.000010 0.993879
0.000010 0.005409 0.000010 0.994571
0.000010 0.000010 0.000010 0.999970
0.000010 0.034506 0.000010 0.965474
0.026129 0.000010 0.000010 0.973851
0.018603 0.000010 0.000010 0.981377
0.023444 0.013469 0.000010 0.963077
0.000013 0.015117 0.000010 0.984860
0.016256 0.000010 0.000010 0.983724
0.022488 0.000010 0.000010 0.977492
0.027829 0.006924 0.000010 0.965237
0.000010 0.000010 0.000010 0.999970
0.000010 0.000010 0.000010 0.999970
0.000010 0.027430 0.000010 0.972550
0.067207 0.000010 0.000010 0.932773
0.007285 0.000010 0.000010 0.992695
0.000010 0.025863 0.000010 0.974117
0.000010 0.000010 0.000010 0.999970
0.000010 0.032107 0.000010 0.967873
0.012829 0.000010 0.000010 0.987151
0.023604 0.000010 0.000010 0.976376
0.000010 0.015888 0.000010 0.984092
0.003883 0.000010 0.000010 0.996097
0.027795 0.000010 0.002516 0.969679
0.017534 0.027023 0.000010 0.955432
0.029275 0.000010 0.000010 0.970705
0.017245 0.004254 0.000010 0.978491
0.000010 0.050790 0.000010 0.949190
0.000010 0.000010 0.000010 0.999970
0.000010 0.017726 0.000010 0.982254
0.000010 0.000010 0.000010 0.999970
0.000010 0.020501 0.000010 0.979479
0.000010 0.000010 0.000010 0.999970
0.039504 0.002991 0.000010 0.957495
0.000010 0.000010 0.000010 0.999970
0.000010 0.000010 0.000010 0.999970
0.037290 0.204193 0.752305 0.006212
0.061120 0.355418 0.472786 0.110676
0.049101 0.288653 0.616808 0.045438
0.000010 0.003530 0.971805 0.024655
0.000010 0.229239 0.737935 0.032817
0.000010 0.093248 0.906732 0.000010
0.004073 0.135557 0.860360 0.000010
0.023845 0.219175 0.752060 0.004920
0.000010 0.000010 0.999970 0.000010
0.022354 0.127216 0.850420 0.000010
0.000010 0.069530 0.856347 0.074113
0.000010 0.189205 0.784564 0.026221
0.002274 0.041038 0.903932 0.052756
0.767060 0.170409 0.062522 0.000010
0.615873 0.303539 0.075714 0.004874
0.000010 0.130431 0.861191 0.008369
0.000010 0.000010 0.981816 0.018164
0.000010 0.066576 0.894405 0.039009
0.000010 0.075941 0.897189 0.026860
0.694570 0.277880 0.027539 0.000010
0.000010 0.000010 0.999970 0.000010
0.000010 0.000010 0.988998 0.010982
0.000010 0.000010 0.999970 0.000010
0.000010 0.000010 0.999970 0.000010
0.923732 0.076248 0.000010 0.000010
0.792309 0.182262 0.000010 0.025419
0.805104 0.194876 0.000010 0.000010
0.997443 0.002537 0.000010 0.000010
0.913770 0.086210 0.000010 0.000010
0.904516 0.095464 0.000010 0.000010
0.999970 0.000010 0.000010 0.000010
0.674025 0.082529 0.215875 0.027571
0.919571 0.000010 0.071587 0.008832
0.999970 0.000010 0.000010 0.000010
0.999970 0.000010 0.000010 0.000010
0.999970 0.000010 0.000010 0.000010
0.999970 0.000010 0.000010 0.000010
0.709659 0.177323 0.113008 0.000010
0.935843 0.000010 0.064137 0.000010
0.935142 0.064838 0.000010 0.000010
0.674848 0.216748 0.000010 0.108393
0.760904 0.200924 0.000010 0.038163
0.907983 0.091997 0.000010 0.000010
0.807687 0.192293 0.000010 0.000010
0.845611 0.154369 0.000010 0.000010
0.999970 0.000010 0.000010 0.000010
0.952433 0.047547 0.000010 0.000010
0.999970 0.000010 0.000010 0.000010
0.657323 0.000010 0.000010 0.342657
0.807281 0.093976 0.062158 0.036585
0.758680 0.053502 0.000010 0.187809
0.423630 0.457882 0.092489 0.025999
0.570835 0.205261 0.223894 0.000010
0.557060 0.374738 0.068192 0.000010
0.789356 0.147205 0.063429 0.000010
0.999970 0.000010 0.000010 0.000010
0.953582 0.046398 0.000010 0.000010
0.936805 0.063175 0.000010 0.000010
0.999970 0.000010 0.000010 0.000010
0.999970 0.000010 0.000010 0.000010
0.040318 0.000010 0.959662 0.000010
0.033804 0.108402 0.787307 0.070488
0.044689 0.200694 0.754606 0.000010
0.000010 0.480318 0.502431 0.017241
0.659315 0.300566 0.000010 0.040109
0.999970 0.000010 0.000010 0.000010
0.950458 0.049522 0.000010 0.000010
0.640249 0.359393 0.000010 0.000348
0.600402 0.127726 0.271861 0.000010
0.572539 0.160918 0.266533 0.000010
0.899807 0.100173 0.000010 0.000010
0.928798 0.071182 0.000010 0.000010
0.918494 0.081486 0.000010 0.000010
0.829381 0.149610 0.000010 0.020999
0.911010 0.088970 0.000010 0.000010
0.805724 0.194256 0.000010 0.000010
0.603592 0.332672 0.000010 0.063726
0.857365 0.126470 0.000010 0.016156
0.722123 0.246839 0.000010 0.031028
0.893886 0.101139 0.000010 0.004965
0.695588 0.237907 0.000010 0.066495
0.820879 0.179101 0.000010 0.000010
0.000010 0.016781 0.978154 0.005055
0.048445 0.179950 0.771595 0.000010
0.005053 0.066010 0.908291 0.020647
0.052329 0.554508 0.393153 0.000010
0.000010 0.266780 0.702096 0.031114
0.000010 0.017971 0.982009 0.000010
0.883609 0.095309 0.000010 0.021072
0.999970 0.000010 0.000010 0.000010
0.975438 0.000010 0.000010 0.024542
0.933507 0.036094 0.000010 0.030390
0.917000 0.039699 0.000010 0.043291
0.957405 0.042575 0.000010 0.000010
0.972434 0.027546 0.000010 0.000010
0.999970 0.000010 0.000010 0.000010
0.934016 0.065964 0.000010 0.000010
0.009844 0.030334 0.959812 0.000010
0.076665 0.207098 0.716228 0.000010
0.044344 0.098890 0.856756 0.000010
0.042437 0.039060 0.918492 0.000010
0.017018 0.000010 0.982962 0.000010
0.000010 0.000010 0.999970 0.000010
0.000821 0.033492 0.000010 0.965677
0.019365 0.057582 0.000010 0.923043
0.024696 0.022852 0.000010 0.952442
0.000010 0.000010 0.000010 0.999970
0.000010 0.000010 0.000010 0.999970
0.026932 0.000010 0.000010 0.973048
0.000010 0.000010 0.000010 0.999970
0.000010 0.024780 0.000010 0.975200
0.000010 0.000010 0.000010 0.999970
0.000010 0.000010 0.000010 0.999970
0.000010 0.000010 0.000010 0.999970
0.000010 0.000010 0.000010 0.999970
0.000010 0.000010 0.000010 0.999970
0.000010 0.000010 0.000010 0.999970
0.000010 0.000010 0.000010 0.999970
0.000010 0.000010 0.000010 0.999970
0.007507 0.000010 0.000010 0.992473
0.027903 0.000010 0.000010 0.972077
0.061129 0.042923 0.000010 0.895939
0.000010 0.008850 0.001851 0.989289
0.000010 0.018445 0.000010 0.981535
0.013321 0.000010 0.000010 0.986659
0.021618 0.000010 0.000010 0.978362
0.000010 0.000010 0.000010 0.999970
0.000010 0.005328 0.994652 0.000010
0.000010 0.001496 0.998484 0.000010
0.026451 0.027693 0.945846 0.000010
0.000010 0.055780 0.944200 0.000010
0.000010 0.059539 0.940441 0.000010
0.000010 0.000010 0.000010 0.999970
0.000010 0.000010 0.000010 0.999970
0.000010 0.000010 0.000010 0.999970
0.029311 0.000010 0.000010 0.970669
0.018999 0.000010 0.000010 0.980981
0.000010 0.000010 0.000010 0.999970
0.038362 0.000010 0.000010 0.961618
0.000010 0.000010 0.000010 0.999970
0.043813 0.000010 0.000010 0.956167
0.023799 0.011026 0.000010 0.965164
0.000010 0.000010 0.009182 0.990798
0.000010 0.000010 0.000010 0.999970
0.000010 0.000010 0.000010 0.999970
0.000010 0.000010 0.000010 0.999970
0.005903 0.000010 0.000010 0.994077
0.000010 0.000010 0.000010 0.999970
0.010918 0.000010 0.000010 0.989062
0.012024 0.000010 0.000010 0.987956
0.000010 0.000010 0.000010 0.999970
0.020057 0.011583 0.000010 0.968350
0.000010 0.000010 0.000010 0.999970
0.000010 0.000010 0.000010 0.999970
0.000010 0.022206 0.000010 0.977774
0.000010 0.000010 0.000010 0.999970
0.000010 0.021969 0.000010 0.978011
0.000010 0.001296 0.000010 0.998684
0.032494 0.010425 0.000010 0.957070
0.000010 0.000010 0.000010 0.999970
0.000010 0.000010 0.000010 0.999970
0.831030 0.168950 0.000010 0.000010
0.559414 0.356174 0.053169 0.031242
0.710251 0.217493 0.072246 0.000010
0.000010 0.132686 0.867166 0.000138
0.896026 0.000010 0.000010 0.103954
0.920746 0.041857 0.000010 0.037387
0.999970 0.000010 0.000010 0.000010
0.000010 0.007185 0.990662 0.002143
0.000010 0.065209 0.934771 0.000010
0.000010 0.000010 0.964506 0.035474
0.000010 0.000010 0.000010 0.999970
0.000010 0.000010 0.006610 0.993370
0.000010 0.017581 0.000010 0.982399
0.000375 0.027909 0.000010 0.971706
0.000010 0.016384 0.000010 0.983596
0.008505 0.021228 0.000010 0.970257
0.041182 0.000010 0.000010 0.958798
0.022762 0.026571 0.000010 0.950657
0.017784 0.102648 0.000010 0.879559
0.002440 0.043128 0.000010 0.954422
0.000010 0.067948 0.000010 0.932032
0.000010 0.000010 0.000010 0.999970
0.000010 0.000010 0.000010 0.999970
0.020250 0.000010 0.000010 0.979730
0.000010 0.020577 0.000010 0.979403
0.000010 0.026222 0.000010 0.973758
0.000010 0.000010 0.000010 0.999970
0.042085 0.000010 0.000010 0.957895
0.005693 0.000010 0.000010 0.994287
0.000010 0.000010 0.000010 0.999970
0.000010 0.007207 0.000010 0.992773
0.035613 0.012330 0.000010 0.952047
0.041057 0.218720 0.740212 0.000010
0.000010 0.051439 0.948541 0.000010
0.000010 0.148746 0.851234 0.000010
0.911027 0.043262 0.000010 0.045701
0.999970 0.000010 0.000010 0.000010
0.999970 0.000010 0.000010 0.000010
0.000010 0.000010 0.000010 0.999970
0.014194 0.000010 0.000010 0.985786
0.000010 0.009777 0.000010 0.990203
0.000010 0.000010 0.000010 0.999970
0.000010 0.000010 0.000010 0.999970
0.000010 0.000010 0.000010 0.999970
0.037618 0.017417 0.000010 0.944955
0.000010 0.015477 0.000010 0.984503
0.024359 0.012214 0.000010 0.963416
0.001994 0.000010 0.000010 0.997986
0.000010 0.000010 0.000010 0.999970
0.000010 0.000010 0.000010 0.999970
0.000010 0.000010 0.000010 0.999970
0.000010 0.000010 0.000010 0.999970
0.014712 0.000010 0.000010 0.985268
0.000010 0.000010 0.000010 0.999970
0.000010 0.000010 0.000010 0.999970
0.031423 0.000010 0.000525 0.968042
0.030228 0.010568 0.000010 0.959195
0.000010 0.000010 0.000010 0.999970
0.000010 0.000010 0.000010 0.999970
0.058311 0.941669 0.000010 0.000010
0.005639 0.956528 0.000010 0.037823
0.024468 0.975512 0.000010 0.000010
0.018678 0.981302 0.000010 0.000010
0.027943 0.972037 0.000010 0.000010
0.010939 0.944955 0.004365 0.039742
0.015307 0.984673 0.000010 0.000010
0.030684 0.956616 0.000010 0.012690
0.047357 0.952623 0.000010 0.000010
0.037184 0.962796 0.000010 0.000010
0.024868 0.955915 0.019206 0.000010
0.035616 0.958208 0.000010 0.006167
0.028169 0.936237 0.035584 0.000010
0.030321 0.931019 0.000010 0.038649
0.000010 0.962145 0.000010 0.037835
0.052051 0.947929 0.000010 0.000010
0.000010 0.998093 0.000010 0.001887
0.029616 0.948705 0.021670 0.000010
0.000010 0.999970 0.000010 0.000010
0.000010 0.000010 0.000010 0.999970
0.000010 0.120705 0.879275 0.000010
0.000010 0.000010 0.999970 0.000010
0.000010 0.000010 0.983037 0.016943
0.000010 0.272383 0.727597 0.000010
0.999970 0.000010 0.000010 0.000010
0.989994 0.009986 0.000010 0.000010
0.999970 0.000010 0.000010 0.000010
0.999970 0.000010 0.000010 0.000010
0.999970 0.000010 0.000010 0.000010
0.999970 0.000010 0.000010 0.000010
0.330355 0.657979 0.011656 0.000010
0.999970 0.000010 0.000010 0.000010
0.789018 0.199324 0.000010 0.011648
0.023834 0.020411 0.930378 0.025378
0.014288 0.012294 0.956134 0.017284
0.004079 0.028446 0.967465 0.000010
0.072442 0.157255 0.770293 0.000010
0.028756 0.081257 0.878416 0.011572
0.823803 0.176177 0.000010 0.000010
0.737198 0.262782 0.000010 0.000010
0.845761 0.154219 0.000010 0.000010
0.999970 0.000010 0.000010 0.000010
0.999351 0.000010 0.000010 0.000629
0.999970 0.000010 0.000010 0.000010
0.933584 0.066396 0.000010 0.000010
0.813673 0.132306 0.000010 0.054010
0.788443 0.200924 0.000010 0.010623
0.847717 0.115785 0.000010 0.036488
0.684428 0.284639 0.006185 0.024749
0.770233 0.183783 0.000010 0.045975
0.000010 0.022616 0.977364 0.000010
0.007456 0.048435 0.944099 0.000010
0.000010 0.089987 0.909993 0.000010
0.002593 0.157406 0.839990 0.000010
0.000010 0.183201 0.816779 0.000010
0.016592 0.000010 0.983388 0.000010
0.025439 0.010206 0.964345 0.000010
0.028660 0.000010 0.971320 0.000010
0.026479 0.002308 0.968751 0.002462
0.005914 0.278378 0.715697 0.000010
0.012513 0.041133 0.946344 0.000010
0.000010 0.000010 0.999970 0.000010
0.000010 0.147576 0.852404 0.000010
0.038083 0.033118 0.928788 0.000010
0.000010 0.145170 0.854810 0.000010
0.000010 0.046488 0.953492 0.000010
0.003860 0.000010 0.996120 0.000010
0.000010 0.037985 0.879940 0.082065
0.000010 0.000010 0.000010 0.999970
0.016469 0.000010 0.000010 0.983511
0.003438 0.000010 0.000010 0.996542
0.000010 0.000010 0.000010 0.999970
0.030316 0.000010 0.000010 0.969664
0.000010 0.000010 0.000010 0.999970
0.017277 0.000010 0.000010 0.982703
0.000113 0.000010 0.000010 0.999867
0.000010 0.000010 0.000010 0.999970
0.041333 0.000010 0.000010 0.958647
0.000010 0.000010 0.000010 0.999970
0.000010 0.010739 0.000010 0.989241
0.000010 0.000010 0.000010 0.999970
0.000010 0.000010 0.000010 0.999970
0.000010 0.000010 0.004728 0.995252
0.002549 0.000010 0.000010 0.997431
0.000010 0.000010 0.000010 0.999970
0.003888 0.000010 0.000010 0.996092
0.044069 0.000010 0.000010 0.955911
0.000010 0.000010 0.000010 0.999970
0.000010 0.000010 0.000010 0.999970
0.000010 0.000010 0.000010 0.999970
0.000010 0.000010 0.000010 0.999970
0.000010 0.000010 0.000010 0.999970
0.000010 0.000010 0.000010 0.999970
0.000010 0.000010 0.000010 0.999970
0.016417 0.000010 0.000010 0.983563
0.000010 0.000010 0.000010 0.999970
0.005350 0.011007 0.000010 0.983633
0.000010 0.000010 0.000010 0.999970
0.000010 0.007199 0.000010 0.992781
0.033488 0.010639 0.000010 0.955864
