0.028754 0.971216 0.000010 0.000010 0.000010
0.000010 0.951832 0.048138 0.000010 0.000010
0.000010 0.892406 0.107564 0.000010 0.000010
0.038979 0.928755 0.032246 0.000010 0.000010
0.012476 0.987494 0.000010 0.000010 0.000010
0.000010 0.974814 0.025156 0.000010 0.000010
0.004436 0.989700 0.000010 0.005844 0.000010
0.000010 0.999960 0.000010 0.000010 0.000010
0.018392 0.954005 0.027583 0.000010 0.000010
0.000010 0.999960 0.000010 0.000010 0.000010
0.000010 0.947904 0.052066 0.000010 0.000010
0.031620 0.961751 0.000010 0.006609 0.000010
0.032562 0.967150 0.000268 0.000010 0.000010
0.000010 0.999960 0.000010 0.000010 0.000010
0.000010 0.971007 0.028963 0.000010 0.000010
0.025028 0.927668 0.047283 0.000010 0.000010
0.021695 0.964414 0.013871 0.000010 0.000010
0.038452 0.895300 0.066228 0.000010 0.000010
0.000010 0.996316 0.003654 0.000010 0.000010
0.000010 0.968829 0.031141 0.000010 0.000010
0.000010 0.946553 0.053417 0.000010 0.000010
0.000010 0.997368 0.002602 0.000010 0.000010
0.000010 0.944314 0.055656 0.000010 0.000010
0.061298 0.849921 0.088761 0.000010 0.000010
0.000010 0.987123 0.012847 0.000010 0.000010
0.000010 0.976142 0.023828 0.000010 0.000010
0.000010 0.999960 0.000010 0.000010 0.000010
0.000010 0.901692 0.098278 0.000010 0.000010
0.000010 0.970212 0.029758 0.000010 0.000010
0.000010 0.999960 0.000010 0.000010 0.000010
0.000010 0.908584 0.091386 0.000010 0.000010
0.008441 0.970579 0.020960 0.000010 0.000010
0.000010 0.999960 0.000010 0.000010 0.000010
0.000010 0.911619 0.084370 0.003991 0.000010
0.000010 0.979395 0.020575 0.000010 0.000010
0.000010 0.999960 0.000010 0.000010 0.000010
0.056038 0.938952 0.004991 0.000010 0.000010
0.035544 0.911722 0.052714 0.000010 0.000010
0.000010 0.964256 0.035714 0.000010 0.000010
0.000010 0.999960 0.000010 0.000010 0.000010
0.054676 0.937455 0.007849 0.000010 0.000010
0.000010 0.905153 0.094817 0.000010 0.000010
0.000010 0.943977 0.055993 0.000010 0.000010
0.000870 0.999100 0.000010 0.000010 0.000010
0.014213 0.985757 0.000010 0.000010 0.000010
0.000010 0.979034 0.020936 0.000010 0.000010
0.000010 0.999960 0.000010 0.000010 0.000010
0.018174 0.971461 0.010345 0.000010 0.000010
0.055846 0.944124 0.000010 0.000010 0.000010
0.027492 0.972478 0.000010 0.000010 0.000010
0.037991 0.950470 0.011519 0.000010 0.000010
0.000010 0.983196 0.000010 0.016774 0.000010
0.000010 0.988323 0.011647 0.000010 0.000010
0.000010 0.970507 0.029463 0.000010 0.000010
0.000010 0.973140 0.026830 0.000010 0.000010
0.000010 0.957514 0.042456 0.000010 0.000010
0.034075 0.965895 0.000010 0.000010 0.000010
0.007316 0.992654 0.000010 0.000010 0.000010
0.024011 0.975959 0.000010 0.000010 0.000010
0.018763 0.956411 0.024806 0.000010 0.000010
0.000010 0.999960 0.000010 0.000010 0.000010
0.000010 0.975189 0.024781 0.000010 0.000010
0.031149 0.945294 0.023537 0.000010 0.000010
0.056605 0.929093 0.014283 0.000010 0.000010
0.099979 0.882392 0.017608 0.000010 0.000010
0.164976 0.807900 0.027105 0.000010 0.000010
0.103201 0.896769 0.000010 0.000010 0.000010
0.105326 0.841235 0.053419 0.000010 0.000010
0.211494 0.728974 0.059513 0.000010 0.000010
0.093664 0.906306 0.000010 0.000010 0.000010
0.059381 0.919473 0.021127 0.000010 0.000010
0.061669 0.938301 0.000010 0.000010 0.000010
0.058170 0.941800 0.000010 0.000010 0.000010
0.027770 0.946402 0.025807 0.000010 0.000010
0.116226 0.883744 0.000010 0.000010 0.000010
0.145094 0.851735 0.003151 0.000010 0.000010
0.093477 0.827159 0.079344 0.000010 0.000010
0.095996 0.887560 0.016423 0.000010 0.000010
0.058957 0.941013 0.000010 0.000010 0.000010
0.102301 0.864633 0.033046 0.000010 0.000010
0.000010 0.944163 0.055807 0.000010 0.000010
0.001421 0.954508 0.044051 0.000010 0.000010
0.000010 0.895973 0.103997 0.000010 0.000010
0.000010 0.999960 0.000010 0.000010 0.000010
0.000010 0.999960 0.000010 0.000010 0.000010
0.000010 0.999960 0.000010 0.000010 0.000010
0.000010 0.957550 0.042420 0.000010 0.000010
0.040552 0.959418 0.000010 0.000010 0.000010
0.004256 0.942268 0.052095 0.001371 0.000010
0.017325 0.903774 0.078880 0.000010 0.000010
0.000010 0.947716 0.052254 0.000010 0.000010
0.000010 0.945571 0.045944 0.008464 0.000010
0.073129 0.918917 0.007934 0.000010 0.000010
0.019026 0.959073 0.021881 0.000010 0.000010
0.000010 0.959672 0.040298 0.000010 0.000010
0.000010 0.974911 0.025059 0.000010 0.000010
0.000010 0.977735 0.022235 0.000010 0.000010
0.000010 0.999960 0.000010 0.000010 0.000010
0.042438 0.957532 0.000010 0.000010 0.000010
0.000010 0.992638 0.000010 0.007332 0.000010
0.000010 0.999960 0.000010 0.000010 0.000010
0.000010 0.974235 0.025735 0.000010 0.000010
0.016779 0.983191 0.000010 0.000010 0.000010
0.000010 0.999960 0.000010 0.000010 0.000010
0.000010 0.990251 0.009719 0.000010 0.000010
0.080972 0.911233 0.000010 0.007776 0.000010
0.000010 0.999960 0.000010 0.000010 0.000010
0.000010 0.988038 0.011932 0.000010 0.000010
0.000010 0.992966 0.007004 0.000010 0.000010
0.000010 0.971512 0.028458 0.000010 0.000010
0.000010 0.992770 0.007200 0.000010 0.000010
0.000071 0.977425 0.022484 0.000010 0.000010
0.000010 0.960705 0.039265 0.000010 0.000010
0.000010 0.966100 0.033870 0.000010 0.000010
0.010566 0.956829 0.032576 0.000020 0.000010
0.094672 0.883481 0.021828 0.000010 0.000010
0.106720 0.861017 0.032242 0.000010 0.000010
0.082373 0.917597 0.000010 0.000010 0.000010
0.017809 0.852979 0.129192 0.000010 0.000010
0.139822 0.852824 0.007334 0.000010 0.000010
0.077341 0.835123 0.087517 0.000010 0.000010
0.092219 0.889943 0.017817 0.000010 0.000010
0.074002 0.898258 0.027721 0.000010 0.000010
0.054654 0.914095 0.031231 0.000010 0.000010
0.135620 0.836319 0.028042 0.000010 0.000010
0.019044 0.977959 0.002977 0.000010 0.000010
0.063043 0.936927 0.000010 0.000010 0.000010
0.027357 0.857996 0.114627 0.000010 0.000010
0.040344 0.891899 0.067736 0.000010 0.000010
0.000010 0.917912 0.082058 0.000010 0.000010
0.035354 0.876787 0.087839 0.000010 0.000010
0.088606 0.864616 0.046758 0.000010 0.000010
0.034904 0.896294 0.068782 0.000010 0.000010
0.039616 0.960354 0.000010 0.000010 0.000010
0.092653 0.907317 0.000010 0.000010 0.000010
0.050372 0.906380 0.043228 0.000010 0.000010
0.000010 0.912493 0.087477 0.000010 0.000010
0.067990 0.891555 0.040435 0.000010 0.000010
0.103586 0.847528 0.048866 0.000010 0.000010
0.074280 0.858474 0.067226 0.000010 0.000010
0.009924 0.948821 0.041235 0.000010 0.000010
0.128592 0.870481 0.000907 0.000010 0.000010
0.108296 0.834520 0.057163 0.000010 0.000010
0.073458 0.918735 0.007787 0.000010 0.000010
0.108814 0.884250 0.006916 0.000010 0.000010
0.114899 0.785190 0.099891 0.000010 0.000010
0.058747 0.941223 0.000010 0.000010 0.000010
0.070558 0.835260 0.094163 0.000010 0.000010
0.053107 0.863397 0.079174 0.004312 0.000010
0.050588 0.886654 0.062738 0.000010 0.000010
0.134578 0.865392 0.000010 0.000010 0.000010
0.000010 0.975086 0.024884 0.000010 0.000010
0.092785 0.864889 0.042306 0.000010 0.000010
0.084529 0.778290 0.137161 0.000010 0.000010
0.022026 0.837082 0.140872 0.000010 0.000010
0.000010 0.964254 0.035716 0.000010 0.000010
0.081683 0.915851 0.002446 0.000010 0.000010
0.117800 0.868865 0.006763 0.006562 0.000010
0.000010 0.953574 0.046396 0.000010 0.000010
0.041750 0.904471 0.053758 0.000010 0.000010
0.074062 0.880250 0.045668 0.000010 0.000010
0.064750 0.920891 0.014339 0.000010 0.000010
0.051016 0.870992 0.077973 0.000010 0.000010
0.086724 0.906345 0.006911 0.000010 0.000010
0.045024 0.952894 0.002061 0.000010 0.000010
0.000010 0.925412 0.074558 0.000010 0.000010
0.054013 0.945957 0.000010 0.000010 0.000010
0.159547 0.800988 0.039445 0.000010 0.000010
0.000010 0.912533 0.087437 0.000010 0.000010
0.008893 0.939250 0.051837 0.000010 0.000010
0.055760 0.883810 0.060410 0.000010 0.000010
0.037917 0.928860 0.033203 0.000010 0.000010
0.094541 0.905429 0.000010 0.000010 0.000010
0.028286 0.914003 0.057690 0.000010 0.000010
0.116092 0.835720 0.048168 0.000010 0.000010
0.074700 0.908116 0.017164 0.000010 0.000010
0.098789 0.894805 0.006386 0.000010 0.000010
0.090893 0.856194 0.052893 0.000010 0.000010
0.140943 0.822301 0.036736 0.000010 0.000010
0.102924 0.821668 0.075388 0.000010 0.000010
0.037543 0.906768 0.055669 0.000010 0.000010
0.118305 0.872657 0.009018 0.000010 0.000010
0.044921 0.900547 0.054512 0.000010 0.000010
0.082183 0.860734 0.057063 0.000010 0.000010
0.083523 0.916447 0.000010 0.000010 0.000010
0.102828 0.798066 0.099086 0.000010 0.000010
0.100355 0.839984 0.059641 0.000010 0.000010
0.108959 0.803300 0.087720 0.000010 0.000010
0.000010 0.910392 0.089578 0.000010 0.000010
0.055904 0.944066 0.000010 0.000010 0.000010
0.107974 0.821138 0.070868 0.000010 0.000010
0.130458 0.869512 0.000010 0.000010 0.000010
0.019358 0.900401 0.080221 0.000010 0.000010
0.052263 0.902152 0.045565 0.000010 0.000010
0.055871 0.923697 0.020412 0.000010 0.000010
0.092554 0.901941 0.005484 0.000010 0.000010
0.055720 0.901024 0.043236 0.000010 0.000010
0.047634 0.920983 0.031364 0.000010 0.000010
0.999960 0.000010 0.000010 0.000010 0.000010
0.999960 0.000010 0.000010 0.000010 0.000010
0.999960 0.000010 0.000010 0.000010 0.000010
0.999960 0.000010 0.000010 0.000010 0.000010
0.994997 0.000010 0.004973 0.000010 0.000010
0.977929 0.000010 0.022041 0.000010 0.000010
0.999960 0.000010 0.000010 0.000010 0.000010
0.986822 0.013148 0.000010 0.000010 0.000010
0.995159 0.000010 0.004811 0.000010 0.000010
0.999957 0.000010 0.000010 0.000013 0.000010
0.983345 0.000010 0.016625 0.000010 0.000010
0.985972 0.003045 0.010963 0.000010 0.000010
0.998311 0.000010 0.001659 0.000010 0.000010
0.999960 0.000010 0.000010 0.000010 0.000010
0.999960 0.000010 0.000010 0.000010 0.000010
0.999960 0.000010 0.000010 0.000010 0.000010
0.999960 0.000010 0.000010 0.000010 0.000010
0.999960 0.000010 0.000010 0.000010 0.000010
0.984519 0.000010 0.015451 0.000010 0.000010
0.999960 0.000010 0.000010 0.000010 0.000010
0.989394 0.000010 0.010576 0.000010 0.000010
0.951387 0.000010 0.048581 0.000013 0.000010
0.994268 0.000010 0.005702 0.000010 0.000010
0.999960 0.000010 0.000010 0.000010 0.000010
0.999960 0.000010 0.000010 0.000010 0.000010
0.999960 0.000010 0.000010 0.000010 0.000010
0.999960 0.000010 0.000010 0.000010 0.000010
0.993986 0.000010 0.005984 0.000010 0.000010
0.983283 0.000010 0.016687 0.000010 0.000010
0.999960 0.000010 0.000010 0.000010 0.000010
0.999960 0.000010 0.000010 0.000010 0.000010
0.999960 0.000010 0.000010 0.000010 0.000010
0.999960 0.000010 0.000010 0.000010 0.000010
0.999960 0.000010 0.000010 0.000010 0.000010
0.997964 0.000010 0.002006 0.000010 0.000010
0.985164 0.000010 0.014806 0.000010 0.000010
0.999960 0.000010 0.000010 0.000010 0.000010
0.999960 0.000010 0.000010 0.000010 0.000010
0.999960 0.000010 0.000010 0.000010 0.000010
0.999960 0.000010 0.000010 0.000010 0.000010
0.999960 0.000010 0.000010 0.000010 0.000010
0.999960 0.000010 0.000010 0.000010 0.000010
0.990414 0.000010 0.009556 0.000010 0.000010
0.999960 0.000010 0.000010 0.000010 0.000010
0.999960 0.000010 0.000010 0.000010 0.000010
0.999960 0.000010 0.000010 0.000010 0.000010
0.999960 0.000010 0.000010 0.000010 0.000010
0.999960 0.000010 0.000010 0.000010 0.000010
0.981142 0.000010 0.018828 0.000010 0.000010
0.997591 0.000010 0.002379 0.000010 0.000010
0.999960 0.000010 0.000010 0.000010 0.000010
0.999960 0.000010 0.000010 0.000010 0.000010
0.956228 0.000010 0.043742 0.000010 0.000010
0.999960 0.000010 0.000010 0.000010 0.000010
0.980034 0.002825 0.017121 0.000010 0.000010
0.971531 0.001667 0.026782 0.000010 0.000010
0.959796 0.005617 0.034567 0.000010 0.000010
0.949493 0.000010 0.050477 0.000010 0.000010
0.999960 0.000010 0.000010 0.000010 0.000010
0.982768 0.000010 0.017202 0.000010 0.000010
0.999960 0.000010 0.000010 0.000010 0.000010
0.991897 0.000010 0.008073 0.000010 0.000010
0.999960 0.000010 0.000010 0.000010 0.000010
0.932614 0.000010 0.067356 0.000010 0.000010
0.999960 0.000010 0.000010 0.000010 0.000010
0.981037 0.000010 0.018931 0.000012 0.000010
0.029787 0.664757 0.217853 0.000010 0.087593
0.069816 0.826796 0.019945 0.000010 0.083433
0.011078 0.422042 0.341853 0.083966 0.141061
0.008016 0.758128 0.154474 0.053910 0.025472
0.000010 0.620169 0.228804 0.074579 0.076439
0.999960 0.000010 0.000010 0.000010 0.000010
0.999960 0.000010 0.000010 0.000010 0.000010
0.994714 0.000010 0.005256 0.000010 0.000010
0.987167 0.000010 0.012803 0.000010 0.000010
0.999960 0.000010 0.000010 0.000010 0.000010
0.980239 0.000010 0.019731 0.000010 0.000010
0.993884 0.006086 0.000010 0.000010 0.000010
0.999960 0.000010 0.000010 0.000010 0.000010
0.999951 0.000019 0.000010 0.000010 0.000010
0.999960 0.000010 0.000010 0.000010 0.000010
0.999960 0.000010 0.000010 0.000010 0.000010
0.999960 0.000010 0.000010 0.000010 0.000010
0.999960 0.000010 0.000010 0.000010 0.000010
0.984591 0.000010 0.015379 0.000010 0.000010
0.986583 0.000010 0.013387 0.000010 0.000010
0.999960 0.000010 0.000010 0.000010 0.000010
0.999960 0.000010 0.000010 0.000010 0.000010
0.999960 0.000010 0.000010 0.000010 0.000010
0.999960 0.000010 0.000010 0.000010 0.000010
0.999960 0.000010 0.000010 0.000010 0.000010
0.999960 0.000010 0.000010 0.000010 0.000010
0.940060 0.022203 0.037717 0.000010 0.000010
0.999960 0.000010 0.000010 0.000010 0.000010
0.999960 0.000010 0.000010 0.000010 0.000010
0.960036 0.016341 0.023603 0.000010 0.000010
0.999960 0.000010 0.000010 0.000010 0.000010
0.989137 0.010833 0.000010 0.000010 0.000010
0.999960 0.000010 0.000010 0.000010 0.000010
0.999960 0.000010 0.000010 0.000010 0.000010
0.999960 0.000010 0.000010 0.000010 0.000010
0.998431 0.000013 0.001536 0.000010 0.000010
0.999960 0.000010 0.000010 0.000010 0.000010
0.999960 0.000010 0.000010 0.000010 0.000010
0.999960 0.000010 0.000010 0.000010 0.000010
0.999960 0.000010 0.000010 0.000010 0.000010
0.999960 0.000010 0.000010 0.000010 0.000010
0.937695 0.000010 0.062275 0.000010 0.000010
0.999955 0.000010 0.000010 0.000015 0.000010
0.996580 0.000020 0.003380 0.000010 0.000010
0.997932 0.000010 0.002038 0.000010 0.000010
0.999960 0.000010 0.000010 0.000010 0.000010
0.999960 0.000010 0.000010 0.000010 0.000010
0.999960 0.000010 0.000010 0.000010 0.000010
0.983869 0.000010 0.016101 0.000010 0.000010
0.999960 0.000010 0.000010 0.000010 0.000010
0.999960 0.000010 0.000010 0.000010 0.000010
0.999959 0.000010 0.000010 0.000011 0.000010
0.999960 0.000010 0.000010 0.000010 0.000010
0.094823 0.587184 0.170307 0.147675 0.000010
0.002211 0.663959 0.147853 0.084195 0.101782
0.081516 0.627138 0.129294 0.162042 0.000010
0.000010 0.831866 0.139842 0.010111 0.018171
0.049625 0.660077 0.232630 0.057659 0.000010
0.000010 0.697736 0.263699 0.000010 0.038544
0.999960 0.000010 0.000010 0.000010 0.000010
0.999960 0.000010 0.000010 0.000010 0.000010
0.995058 0.000010 0.004912 0.000010 0.000010
0.999960 0.000010 0.000010 0.000010 0.000010
0.999960 0.000010 0.000010 0.000010 0.000010
0.987949 0.000010 0.012021 0.000010 0.000010
0.999960 0.000010 0.000010 0.000010 0.000010
0.999960 0.000010 0.000010 0.000010 0.000010
0.999960 0.000010 0.000010 0.000010 0.000010
0.999960 0.000010 0.000010 0.000010 0.000010
0.999960 0.000010 0.000010 0.000010 0.000010
0.999960 0.000010 0.000010 0.000010 0.000010
0.963612 0.000010 0.036358 0.000010 0.000010
0.983324 0.000010 0.016646 0.000010 0.000010
0.968813 0.000010 0.031157 0.000010 0.000010
0.999960 0.000010 0.000010 0.000010 0.000010
0.999960 0.000010 0.000010 0.000010 0.000010
0.999960 0.000010 0.000010 0.000010 0.000010
0.999960 0.000010 0.000010 0.000010 0.000010
0.999960 0.000010 0.000010 0.000010 0.000010
0.995117 0.000010 0.000010 0.004853 0.000010
0.999960 0.000010 0.000010 0.000010 0.000010
0.982221 0.000010 0.017749 0.000010 0.000010
0.999960 0.000010 0.000010 0.000010 0.000010
0.999960 0.000010 0.000010 0.000010 0.000010
0.999960 0.000010 0.000010 0.000010 0.000010
0.981165 0.000010 0.018805 0.000010 0.000010
0.986470 0.013500 0.000010 0.000010 0.000010
0.999960 0.000010 0.000010 0.000010 0.000010
0.999960 0.000010 0.000010 0.000010 0.000010
0.999960 0.000010 0.000010 0.000010 0.000010
0.999960 0.000010 0.000010 0.000010 0.000010
0.999960 0.000010 0.000010 0.000010 0.000010
0.999960 0.000010 0.000010 0.000010 0.000010
0.999960 0.000010 0.000010 0.000010 0.000010
0.989432 0.000010 0.010538 0.000010 0.000010
0.999960 0.000010 0.000010 0.000010 0.000010
0.978704 0.000010 0.021266 0.000010 0.000010
0.999960 0.000010 0.000010 0.000010 0.000010
0.012080 0.811453 0.126489 0.049968 0.000010
0.043404 0.620764 0.293800 0.042022 0.000010
0.092525 0.686852 0.179565 0.041048 0.000010
0.113228 0.463503 0.228113 0.011820 0.183336
0.014938 0.634490 0.241890 0.000010 0.108673
0.027436 0.755045 0.200136 0.017372 0.000010
0.000010 0.637035 0.225532 0.118711 0.018712
0.000010 0.650474 0.219795 0.129711 0.000010
0.000010 0.818885 0.181085 0.000010 0.000010
0.000010 0.541105 0.318075 0.105534 0.035276
0.000010 0.697743 0.276458 0.025779 0.000010
0.982326 0.000014 0.017641 0.000010 0.000010
0.999960 0.000010 0.000010 0.000010 0.000010
0.999960 0.000010 0.000010 0.000010 0.000010
0.999960 0.000010 0.000010 0.000010 0.000010
0.999960 0.000010 0.000010 0.000010 0.000010
0.977013 0.010318 0.012649 0.000010 0.000010
0.999960 0.000010 0.000010 0.000010 0.000010
0.992022 0.000010 0.007948 0.000010 0.000010
0.999960 0.000010 0.000010 0.000010 0.000010
0.968705 0.000010 0.031265 0.000010 0.000010
0.999960 0.000010 0.000010 0.000010 0.000010
0.999960 0.000010 0.000010 0.000010 0.000010
0.999960 0.000010 0.000010 0.000010 0.000010
0.997180 0.000010 0.002790 0.000010 0.000010
0.999960 0.000010 0.000010 0.000010 0.000010
0.974746 0.000010 0.025224 0.000010 0.000010
0.994988 0.000010 0.004982 0.000010 0.000010
0.000010 0.757846 0.128890 0.001034 0.112220
0.017763 0.806540 0.079990 0.095698 0.000010
0.000740 0.603271 0.118695 0.175033 0.102261
0.068049 0.676140 0.094124 0.161677 0.000010
0.129192 0.468877 0.251792 0.000010 0.150128
0.000010 0.603725 0.183730 0.057834 0.154701
0.011736 0.515841 0.280724 0.027742 0.163957
0.000010 0.708502 0.180468 0.111010 0.000010
0.000010 0.596586 0.175467 0.176576 0.051361
0.046202 0.709660 0.080806 0.163323 0.000010
0.000010 0.871239 0.084679 0.015196 0.028876
0.000334 0.622918 0.266928 0.000010 0.109809
0.000010 0.801584 0.123148 0.015179 0.060078
0.021143 0.659919 0.220854 0.098074 0.000010
0.000010 0.613628 0.270485 0.081708 0.034169
0.000010 0.668342 0.205518 0.126119 0.000010
0.000010 0.821030 0.142916 0.033293 0.002751
0.000010 0.787798 0.182641 0.003373 0.026178
0.019047 0.823895 0.133138 0.023910 0.000010
0.033206 0.728018 0.181092 0.052155 0.005530
0.014093 0.842246 0.058444 0.050143 0.035075
0.052704 0.813571 0.033313 0.079634 0.020778
0.043711 0.832853 0.093993 0.000010 0.029433
0.022200 0.715605 0.221752 0.040433 0.000010
0.000010 0.524778 0.339143 0.055744 0.080325
0.000010 0.717563 0.218294 0.064123 0.000010
0.042162 0.507197 0.230750 0.060212 0.159680
0.000010 0.626303 0.168886 0.000010 0.204790
0.000010 0.463139 0.151179 0.046755 0.338918
0.000010 0.737061 0.098389 0.072139 0.092401
0.000010 0.691513 0.144755 0.009432 0.154289
0.010490 0.708338 0.125603 0.000010 0.155558
0.000010 0.752468 0.123684 0.018757 0.105081
0.065301 0.627594 0.166329 0.047633 0.093143
0.004484 0.709745 0.083097 0.077982 0.124692
0.051475 0.823464 0.040072 0.084979 0.000010
0.000010 0.791645 0.129270 0.013044 0.066030
0.000010 0.740049 0.125497 0.044778 0.089666
0.009217 0.797255 0.108017 0.085501 0.000010
0.000010 0.637203 0.175800 0.064897 0.122090
0.000010 0.697554 0.224607 0.077819 0.000010
0.000010 0.769878 0.136931 0.059392 0.033789
0.000010 0.866297 0.088139 0.000010 0.045544
0.000010 0.813331 0.122955 0.000010 0.063694
0.000010 0.518071 0.067553 0.093354 0.321012
0.003716 0.482695 0.122088 0.134821 0.256681
0.012574 0.432621 0.164015 0.084452 0.306338
0.020087 0.558471 0.160758 0.138208 0.122477
0.000010 0.695372 0.197380 0.107228 0.000010
0.000010 0.880778 0.098289 0.000010 0.020912
0.000010 0.647117 0.352853 0.000010 0.000010
0.000010 0.773528 0.223253 0.000010 0.003199
0.003209 0.487474 0.201752 0.079760 0.227804
0.000010 0.861420 0.118147 0.000010 0.020414
0.000010 0.695128 0.094008 0.018549 0.192305
0.000134 0.850786 0.127984 0.017461 0.003634
0.058604 0.669457 0.072467 0.015309 0.184163
0.049942 0.670776 0.110635 0.000010 0.168638
0.000010 0.597086 0.323344 0.006935 0.072625
0.036547 0.560400 0.403033 0.000010 0.000010
0.000010 0.668633 0.280146 0.000010 0.051201
0.019899 0.473594 0.325875 0.083591 0.097041
0.000010 0.682322 0.301885 0.015773 0.000010
0.016493 0.616690 0.325657 0.000010 0.041149
0.000010 0.670817 0.150416 0.178748 0.000010
0.000010 0.321304 0.512357 0.053744 0.112585
0.000010 0.531905 0.348446 0.119629 0.000010
0.000010 0.481655 0.309831 0.208494 0.000010
0.000010 0.868113 0.075773 0.056094 0.000010
0.008213 0.671589 0.195152 0.125037 0.000010
0.000010 0.674030 0.236217 0.007366 0.082377
0.057044 0.602297 0.092679 0.066063 0.181917
0.026469 0.597169 0.097848 0.046089 0.232426
0.070181 0.712410 0.144780 0.057759 0.014870
0.042117 0.860929 0.028155 0.000010 0.068789
0.025063 0.704559 0.170775 0.018998 0.080606
0.000010 0.713850 0.160612 0.007704 0.117824
0.047008 0.529362 0.304517 0.070620 0.048493
0.000010 0.653445 0.181856 0.098219 0.066471
0.000010 0.695354 0.122400 0.109776 0.072460
0.040466 0.548877 0.115355 0.149159 0.146142
0.000010 0.767219 0.135324 0.059573 0.037874
0.014815 0.743805 0.055893 0.064674 0.120813
0.000010 0.574800 0.308747 0.116433 0.000010
0.072515 0.632184 0.174773 0.120517 0.000010
0.020834 0.555779 0.317443 0.105934 0.000010
0.000010 0.549575 0.319663 0.084633 0.046118
0.036097 0.663611 0.221979 0.078304 0.000010
0.032876 0.657389 0.236569 0.073156 0.000010
0.000010 0.773014 0.226956 0.000010 0.000010
0.000010 0.503700 0.159363 0.124682 0.212245
0.000010 0.702027 0.147196 0.150757 0.000010
0.041005 0.696776 0.122431 0.075129 0.064659
0.009880 0.627376 0.227730 0.135004 0.000010
0.000010 0.693331 0.108859 0.132073 0.065727
0.000010 0.194188 0.198778 0.188536 0.418487
0.000010 0.388600 0.082501 0.219726 0.309163
0.000010 0.361382 0.120455 0.248729 0.269424
0.000010 0.678896 0.192680 0.128404 0.000010
0.006494 0.829776 0.120127 0.043593 0.000010
0.000010 0.550910 0.214013 0.123644 0.111423
0.000010 0.552783 0.351547 0.059500 0.036160
0.000010 0.718260 0.281710 0.000010 0.000010
0.000010 0.603883 0.325634 0.040794 0.029679
0.000010 0.599612 0.344074 0.041176 0.015128
0.022206 0.645407 0.218837 0.113540 0.000010
0.061986 0.628883 0.263169 0.045952 0.000010
0.000010 0.757443 0.242527 0.000010 0.000010
0.000010 0.672988 0.326982 0.000010 0.000010
0.000010 0.786011 0.213959 0.000010 0.000010
0.064532 0.728763 0.143852 0.000010 0.062843
0.025497 0.553030 0.190124 0.000010 0.231340
0.082195 0.579744 0.162258 0.000010 0.175794
0.019797 0.694004 0.135197 0.019694 0.131309
0.000010 0.556559 0.219713 0.000010 0.223708
0.000010 0.537969 0.188055 0.000010 0.273956
0.024433 0.742439 0.173438 0.000010 0.059679
0.004767 0.907807 0.087406 0.000010 0.000010
0.066274 0.788177 0.093353 0.000010 0.052185
0.045819 0.695012 0.259149 0.000010 0.000010
0.000010 0.542325 0.422215 0.035440 0.000010
0.000010 0.630632 0.322247 0.047101 0.000010
0.000010 0.815652 0.015556 0.082866 0.085916
0.000010 0.765583 0.020593 0.130371 0.083442
0.038783 0.729678 0.200169 0.031361 0.000010
0.000010 0.653157 0.198224 0.076516 0.072093
0.000010 0.984944 0.015026 0.000010 0.000010
0.043504 0.184117 0.772359 0.000010 0.000010
0.000010 0.452048 0.270370 0.079210 0.198362
0.000010 0.220021 0.606791 0.063160 0.110018
0.088056 0.434509 0.458461 0.018963 0.000010
0.000010 0.721921 0.245566 0.019293 0.013210
0.000010 0.555998 0.406397 0.037585 0.000010
0.039941 0.761790 0.198249 0.000010 0.000010
0.000010 0.394366 0.575915 0.000010 0.029698
0.000010 0.645603 0.354367 0.000010 0.000010
0.000010 0.481784 0.449226 0.068970 0.000010
0.000010 0.561661 0.410560 0.000010 0.027759
0.000010 0.563008 0.346340 0.090632 0.000010
0.000010 0.755134 0.244836 0.000010 0.000010
0.079629 0.762123 0.152389 0.000010 0.005849
0.017998 0.781572 0.200409 0.000010 0.000010
0.027004 0.699324 0.237239 0.036423 0.000010
0.031308 0.605594 0.344557 0.000010 0.018531
0.024057 0.668850 0.267780 0.000010 0.039303
0.000010 0.786480 0.190758 0.022735 0.000016
0.016949 0.626866 0.291607 0.034674 0.029904
0.000010 0.697642 0.265002 0.020120 0.017226
0.036180 0.366963 0.474960 0.000010 0.121887
0.000010 0.583080 0.291371 0.000010 0.125529
0.000010 0.508232 0.295965 0.000010 0.195783
0.056311 0.751125 0.182676 0.000567 0.009320
0.000010 0.524000 0.368533 0.083807 0.023650
0.000010 0.641070 0.291808 0.067102 0.000010
0.015745 0.599449 0.384787 0.000010 0.000010
0.005255 0.623170 0.329611 0.000010 0.041954
0.000010 0.588505 0.367037 0.000010 0.044438
0.020550 0.573234 0.406196 0.000010 0.000010
0.000010 0.811410 0.138153 0.023884 0.026542
0.031875 0.577582 0.357383 0.024479 0.008681
0.073658 0.772295 0.144049 0.000010 0.009988
0.081715 0.436012 0.304740 0.132538 0.044994
0.118478 0.670003 0.128793 0.082716 0.000010
0.000010 0.652156 0.201082 0.120124 0.026628
0.097666 0.839723 0.037629 0.000010 0.024972
0.031053 0.968917 0.000010 0.000010 0.000010
0.069163 0.923316 0.000010 0.000010 0.007501
0.000010 0.408818 0.347961 0.000010 0.243201
0.048378 0.777709 0.167158 0.000010 0.006746
0.000010 0.730925 0.250033 0.019022 0.000010
0.002004 0.547307 0.375370 0.075309 0.000010
0.000010 0.506632 0.399339 0.066887 0.027132
0.000010 0.353123 0.533128 0.113730 0.000010
0.089595 0.477192 0.259389 0.044299 0.129525
0.000010 0.409535 0.306658 0.087442 0.196355
0.000010 0.470942 0.218020 0.121373 0.189655
0.000010 0.590078 0.163348 0.111427 0.135137
0.000010 0.752567 0.230471 0.002600 0.014353
0.000010 0.553790 0.277146 0.023349 0.145706
0.000010 0.572742 0.140992 0.214401 0.071855
0.000010 0.797520 0.179731 0.000010 0.022729
0.000010 0.652752 0.158440 0.123958 0.064840
0.000010 0.785514 0.185304 0.029162 0.000010
0.000010 0.755081 0.243485 0.001414 0.000010
0.000010 0.832653 0.145769 0.021558 0.000010
0.000010 0.531619 0.352267 0.047377 0.068726
0.000010 0.351729 0.486040 0.050111 0.112110
0.013257 0.572679 0.278783 0.030142 0.105139
0.051766 0.512572 0.435642 0.000010 0.000010
0.066366 0.611804 0.321810 0.000010 0.000010
0.058216 0.522297 0.419467 0.000010 0.000010
0.000010 0.982274 0.012165 0.000010 0.005541
0.000010 0.939666 0.044996 0.000010 0.015318
0.000010 0.954320 0.045650 0.000010 0.000010
0.001803 0.965083 0.033094 0.000010 0.000010
0.000010 0.975671 0.000010 0.000010 0.024299
0.000010 0.954296 0.034123 0.000010 0.011561
0.000010 0.956620 0.004654 0.000010 0.038706
0.000010 0.948823 0.035404 0.015148 0.000615
0.000010 0.962047 0.022778 0.000010 0.015155
0.000010 0.949126 0.024555 0.000010 0.026299
0.054694 0.917094 0.019186 0.000010 0.009016
0.028158 0.949532 0.022290 0.000010 0.000010
0.000010 0.999960 0.000010 0.000010 0.000010
0.000010 0.998273 0.001697 0.000010 0.000010
0.000010 0.989101 0.010869 0.000010 0.000010
0.000010 0.998735 0.001235 0.000010 0.000010
0.018686 0.973184 0.008110 0.000010 0.000010
0.000010 0.999960 0.000010 0.000010 0.000010
0.000010 0.994740 0.005230 0.000010 0.000010
0.000010 0.999960 0.000010 0.000010 0.000010
0.000010 0.978377 0.021593 0.000010 0.000010
0.026248 0.941037 0.032695 0.000010 0.000010
0.017090 0.979586 0.003304 0.000010 0.000010
0.000010 0.973286 0.026684 0.000010 0.000010
0.000010 0.975412 0.024558 0.000010 0.000010
0.000010 0.985864 0.009361 0.000010 0.004756
0.000010 0.999960 0.000010 0.000010 0.000010
0.072214 0.871130 0.000010 0.032575 0.024071
0.016228 0.938396 0.016529 0.005366 0.023480
0.067281 0.918328 0.000010 0.000010 0.014371
0.000010 0.999960 0.000010 0.000010 0.000010
0.000010 0.964978 0.028459 0.000010 0.006543
0.001881 0.973513 0.024586 0.000010 0.000010
0.000010 0.986791 0.000010 0.013179 0.000010
0.000010 0.956180 0.043790 0.000010 0.000010
0.000010 0.971840 0.028130 0.000010 0.000010
0.027579 0.667543 0.237611 0.000010 0.067257
0.046112 0.331279 0.038734 0.064838 0.519036
0.056612 0.385597 0.159751 0.018745 0.379295
0.044596 0.669368 0.258777 0.000010 0.027249
0.000010 0.667690 0.316968 0.015323 0.000010
0.091793 0.190015 0.718172 0.000010 0.000010
0.003936 0.527320 0.468725 0.000010 0.000010
0.000010 0.382995 0.616975 0.000010 0.000010
0.012362 0.314196 0.673422 0.000010 0.000010
0.000010 0.012820 0.987150 0.000010 0.000010
0.000010 0.234029 0.765941 0.000010 0.000010
0.007211 0.358467 0.544145 0.090166 0.000010
0.000010 0.328898 0.671072 0.000010 0.000010
0.000010 0.201993 0.691696 0.106291 0.000010
0.972984 0.000010 0.026986 0.000010 0.000010
0.999960 0.000010 0.000010 0.000010 0.000010
0.966534 0.000010 0.033436 0.000010 0.000010
0.975430 0.024540 0.000010 0.000010 0.000010
0.970256 0.029714 0.000010 0.000010 0.000010
0.963518 0.000010 0.036452 0.000010 0.000010
0.000010 0.971963 0.014649 0.013369 0.000010
0.000010 0.970656 0.029314 0.000010 0.000010
0.000010 0.962122 0.025251 0.012607 0.000010
0.000010 0.907737 0.061099 0.031145 0.000010
0.000010 0.945624 0.024692 0.029664 0.000010
0.000010 0.976079 0.023891 0.000010 0.000010
0.000010 0.965938 0.000010 0.034032 0.000010
0.027487 0.933188 0.037521 0.001794 0.000010
0.044114 0.940472 0.000575 0.000010 0.014829
0.067219 0.917017 0.000010 0.002783 0.012972
0.048233 0.919178 0.000010 0.004569 0.028010
0.000010 0.954233 0.000010 0.000010 0.045737
0.000887 0.962699 0.036393 0.000010 0.000010
0.000010 0.951981 0.047989 0.000010 0.000010
0.000010 0.999960 0.000010 0.000010 0.000010
0.023427 0.976543 0.000010 0.000010 0.000010
0.034043 0.965927 0.000010 0.000010 0.000010
0.000010 0.999960 0.000010 0.000010 0.000010
0.046171 0.910423 0.000393 0.043002 0.000010
0.000010 0.929653 0.052419 0.000010 0.017908
0.000010 0.967522 0.000010 0.000010 0.032448
0.000010 0.980459 0.000010 0.000010 0.019511
0.023424 0.975104 0.000010 0.000010 0.001452
0.030661 0.944642 0.003996 0.000010 0.020690
0.017254 0.916146 0.066579 0.000010 0.000010
0.012653 0.971464 0.006155 0.000010 0.009718
0.000010 0.939486 0.053158 0.000010 0.007337
0.000010 0.958603 0.000010 0.000010 0.041367
0.000010 0.971428 0.000010 0.007194 0.021358
0.000010 0.938304 0.032619 0.017249 0.011819
0.058639 0.941331 0.000010 0.000010 0.000010
0.000010 0.987204 0.000010 0.012766 0.000010
0.000010 0.993241 0.000010 0.006729 0.000010
0.000010 0.992543 0.007427 0.000010 0.000010
0.004104 0.995866 0.000010 0.000010 0.000010
0.003111 0.973510 0.000010 0.023359 0.000010
0.028036 0.948822 0.008051 0.015080 0.000010
0.016244 0.963480 0.011819 0.008448 0.000010
0.000010 0.991558 0.008412 0.000010 0.000010
0.000010 0.970073 0.029897 0.000010 0.000010
0.000010 0.908457 0.091513 0.000010 0.000010
0.000010 0.994262 0.005708 0.000010 0.000010
0.000010 0.999960 0.000010 0.000010 0.000010
0.039794 0.960176 0.000010 0.000010 0.000010
0.000010 0.946919 0.046928 0.006133 0.000010
0.000010 0.977308 0.000010 0.022662 0.000010
0.000010 0.958591 0.027940 0.013449 0.000010
0.000010 0.988233 0.000010 0.011737 0.000010
0.013689 0.962224 0.000010 0.024067 0.000010
0.033648 0.966322 0.000010 0.000010 0.000010
0.014282 0.979809 0.005888 0.000010 0.000010
0.000010 0.999960 0.000010 0.000010 0.000010
0.000010 0.999960 0.000010 0.000010 0.000010
0.031666 0.836995 0.047521 0.045373 0.038445
0.007657 0.884883 0.054003 0.034473 0.018984
0.043805 0.821699 0.067497 0.042693 0.024307
0.001855 0.885947 0.081475 0.030713 0.000010
0.025621 0.832222 0.078303 0.036675 0.027178
0.056248 0.830995 0.043830 0.020627 0.048301
0.000010 0.999960 0.000010 0.000010 0.000010
0.000010 0.989212 0.010758 0.000010 0.000010
0.000010 0.999960 0.000010 0.000010 0.000010
0.070857 0.929113 0.000010 0.000010 0.000010
0.000010 0.966125 0.011739 0.022116 0.000010
0.074477 0.925493 0.000010 0.000010 0.000010
0.019057 0.946539 0.012048 0.022345 0.000010
0.000010 0.973850 0.000010 0.026120 0.000010
0.035123 0.945548 0.019309 0.000010 0.000010
0.013710 0.945609 0.000010 0.040661 0.000010
0.000010 0.930579 0.034258 0.001637 0.033516
0.000010 0.937539 0.022175 0.010141 0.030135
0.006606 0.993364 0.000010 0.000010 0.000010
0.000010 0.999960 0.000010 0.000010 0.000010
0.019427 0.980543 0.000010 0.000010 0.000010
0.000010 0.919686 0.069306 0.000010 0.010988
0.000010 0.922988 0.052480 0.000010 0.024513
0.044169 0.911148 0.044663 0.000010 0.000010
0.001250 0.998720 0.000010 0.000010 0.000010
0.000010 0.953096 0.017720 0.029164 0.000010
0.000010 0.979698 0.003263 0.017019 0.000010
0.019206 0.972271 0.000010 0.008503 0.000010
0.000010 0.954457 0.045513 0.000010 0.000010
0.000010 0.999960 0.000010 0.000010 0.000010
0.000010 0.999960 0.000010 0.000010 0.000010
0.000010 0.999960 0.000010 0.000010 0.000010
0.000010 0.967540 0.032430 0.000010 0.000010
0.000010 0.894695 0.105275 0.000010 0.000010
0.049764 0.935570 0.000010 0.014646 0.000010
0.000010 0.959472 0.029821 0.010687 0.000010
0.022924 0.960781 0.016275 0.000010 0.000010
0.039832 0.940361 0.019786 0.000010 0.000010
0.000010 0.945352 0.044987 0.009641 0.000010
0.011562 0.962522 0.014545 0.000010 0.011360
0.007644 0.968163 0.000010 0.024174 0.000010
0.000010 0.956172 0.043798 0.000010 0.000010
0.000010 0.999960 0.000010 0.000010 0.000010
0.000010 0.999960 0.000010 0.000010 0.000010
0.000010 0.999960 0.000010 0.000010 0.000010
0.999960 0.000010 0.000010 0.000010 0.000010
0.999960 0.000010 0.000010 0.000010 0.000010
0.954777 0.045193 0.000010 0.000010 0.000010
0.999960 0.000010 0.000010 0.000010 0.000010
0.999960 0.000010 0.000010 0.000010 0.000010
0.999960 0.000010 0.000010 0.000010 0.000010
0.988799 0.000010 0.011171 0.000010 0.000010
0.999960 0.000010 0.000010 0.000010 0.000010
0.999960 0.000010 0.000010 0.000010 0.000010
0.999960 0.000010 0.000010 0.000010 0.000010
0.988714 0.011256 0.000010 0.000010 0.000010
0.984124 0.000010 0.015846 0.000010 0.000010
0.989120 0.000010 0.010850 0.000010 0.000010
0.999960 0.000010 0.000010 0.000010 0.000010
0.999960 0.000010 0.000010 0.000010 0.000010
0.973909 0.000010 0.026061 0.000010 0.000010
0.985354 0.014616 0.000010 0.000010 0.000010
0.999960 0.000010 0.000010 0.000010 0.000010
0.999960 0.000010 0.000010 0.000010 0.000010
0.999960 0.000010 0.000010 0.000010 0.000010
0.993684 0.006286 0.000010 0.000010 0.000010
0.993950 0.006020 0.000010 0.000010 0.000010
0.999960 0.000010 0.000010 0.000010 0.000010
0.965357 0.034613 0.000010 0.000010 0.000010
0.973703 0.000010 0.026267 0.000010 0.000010
0.981175 0.000010 0.018795 0.000010 0.000010
0.962813 0.013443 0.023723 0.000010 0.000010
0.984858 0.015107 0.000015 0.000010 0.000010
0.983227 0.000010 0.016743 0.000010 0.000010
0.977329 0.000010 0.022641 0.000010 0.000010
0.965027 0.006791 0.028162 0.000010 0.000010
0.999960 0.000010 0.000010 0.000010 0.000010
0.999960 0.000010 0.000010 0.000010 0.000010
0.972520 0.027450 0.000010 0.000010 0.000010
0.932574 0.000010 0.067396 0.000010 0.000010
0.992440 0.000010 0.007530 0.000010 0.000010
0.974043 0.025927 0.000010 0.000010 0.000010
0.999960 0.000010 0.000010 0.000010 0.000010
0.967761 0.032209 0.000010 0.000010 0.000010
0.987064 0.000010 0.012906 0.000010 0.000010
0.976178 0.000010 0.023792 0.000010 0.000010
0.984009 0.015961 0.000010 0.000010 0.000010
0.995596 0.000010 0.004374 0.000010 0.000010
0.970988 0.000010 0.025723 0.003269 0.000010
0.954986 0.026832 0.018161 0.000010 0.000010
0.970642 0.000010 0.029328 0.000010 0.000010
0.977907 0.004631 0.017442 0.000010 0.000010
0.949171 0.050799 0.000010 0.000010 0.000010
0.999960 0.000010 0.000010 0.000010 0.000010
0.982176 0.017794 0.000010 0.000010 0.000010
0.999960 0.000010 0.000010 0.000010 0.000010
0.975508 0.018397 0.000010 0.006075 0.000010
0.999960 0.000010 0.000010 0.000010 0.000010
0.956614 0.003771 0.039595 0.000010 0.000010
0.999960 0.000010 0.000010 0.000010 0.000010
0.999960 0.000010 0.000010 0.000010 0.000010
0.006541 0.202473 0.036134 0.180250 0.574602
0.112314 0.360237 0.059531 0.062827 0.405090
0.050228 0.295296 0.046189 0.058512 0.549775
0.021937 0.000010 0.000010 0.267379 0.710664
0.036584 0.235351 0.000010 0.062400 0.665656
0.000010 0.089948 0.000010 0.229506 0.680526
0.000010 0.129343 0.001555 0.266433 0.602659
0.005132 0.222123 0.023182 0.120254 0.629308
0.000010 0.000010 0.000010 0.068934 0.931036
0.000010 0.128165 0.022693 0.134991 0.714141
0.080222 0.068675 0.000010 0.084801 0.766292
0.031221 0.194751 0.000010 0.071040 0.702978
0.063823 0.037116 0.000010 0.058360 0.840691
0.000010 0.166023 0.769128 0.048906 0.015933
0.000738 0.299729 0.617229 0.061919 0.020385
0.014150 0.142197 0.000010 0.000010 0.843632
0.023149 0.000010 0.000010 0.079887 0.896944
0.038163 0.072132 0.000010 0.063103 0.826592
0.028125 0.078653 0.000010 0.088430 0.804781
0.000010 0.269772 0.692446 0.037762 0.000010
0.000010 0.000010 0.000010 0.261879 0.738091
0.030995 0.000010 0.000010 0.000010 0.968975
0.000010 0.000010 0.000010 0.145680 0.854290
0.000010 0.000010 0.000010 0.000010 0.999960
0.000010 0.076547 0.923423 0.000010 0.000010
0.025653 0.182406 0.791920 0.000010 0.000010
0.000010 0.195430 0.804540 0.000010 0.000010
0.000010 0.003389 0.996581 0.000010 0.000010
0.000010 0.087941 0.912029 0.000010 0.000010
0.000010 0.096968 0.903002 0.000010 0.000010
0.000010 0.000010 0.999960 0.000010 0.000010
0.024597 0.070098 0.677428 0.124915 0.102962
0.005710 0.000010 0.920139 0.051468 0.022673
0.000010 0.000010 0.999960 0.000010 0.000010
0.000010 0.000010 0.999960 0.000010 0.000010
0.000010 0.000010 0.999960 0.000010 0.000010
0.000010 0.000010 0.999960 0.000010 0.000010
0.000010 0.161943 0.707906 0.112674 0.017467
0.000010 0.000010 0.930051 0.069919 0.000010
0.000010 0.064983 0.934987 0.000010 0.000010
0.108129 0.217259 0.674592 0.000010 0.000010
0.037456 0.200575 0.760969 0.000010 0.000991
0.000010 0.093033 0.906937 0.000010 0.000010
0.000010 0.192867 0.807103 0.000010 0.000010
0.000010 0.155397 0.844573 0.000010 0.000010
0.000010 0.000010 0.999960 0.000010 0.000010
0.000010 0.048187 0.951783 0.000010 0.000010
0.000010 0.000010 0.999960 0.000010 0.000010
0.342592 0.000010 0.657378 0.000010 0.000010
0.034654 0.097517 0.806120 0.000010 0.061699
0.188063 0.053273 0.758644 0.000010 0.000010
0.018455 0.455241 0.423882 0.058512 0.043909
0.000010 0.199374 0.568709 0.099261 0.132646
0.000010 0.366209 0.551456 0.071448 0.010877
0.000010 0.142923 0.786956 0.054204 0.015906
0.000010 0.000010 0.999960 0.000010 0.000010
0.000010 0.046368 0.953602 0.000010 0.000010
0.000010 0.063250 0.936720 0.000010 0.000010
0.000010 0.000010 0.999960 0.000010 0.000010
0.000010 0.000010 0.999960 0.000010 0.000010
0.000010 0.000010 0.037148 0.274454 0.688378
0.096284 0.109160 0.024146 0.000010 0.770400
0.000010 0.204072 0.044149 0.103614 0.648156
0.017545 0.490902 0.000010 0.000010 0.491533
0.040458 0.300845 0.658676 0.000010 0.000010
0.000010 0.000010 0.999960 0.000010 0.000010
0.000010 0.049544 0.950426 0.000010 0.000010
0.000010 0.359698 0.640272 0.000010 0.000010
0.000010 0.129253 0.598536 0.025147 0.247054
0.000010 0.165064 0.569791 0.008671 0.256464
0.000010 0.100674 0.899296 0.000010 0.000010
0.000010 0.072396 0.927574 0.000010 0.000010
0.000010 0.082622 0.917348 0.000010 0.000010
0.021285 0.150330 0.828365 0.000010 0.000010
0.000010 0.090007 0.909963 0.000010 0.000010
0.000010 0.194990 0.804980 0.000010 0.000010
0.064150 0.332398 0.603432 0.000010 0.000010
0.016971 0.127446 0.855563 0.000010 0.000010
0.031538 0.247119 0.721322 0.000010 0.000010
0.004606 0.101309 0.894065 0.000010 0.000010
0.066719 0.237576 0.695685 0.000010 0.000010
0.000010 0.179202 0.820768 0.000010 0.000010
0.003364 0.021547 0.000010 0.179647 0.795432
0.000010 0.172707 0.045310 0.254994 0.526979
0.021012 0.068264 0.006868 0.047042 0.856814
0.000010 0.567081 0.050948 0.000010 0.381951
0.032508 0.279640 0.000010 0.000010 0.687833
0.000010 0.021641 0.000010 0.101115 0.877223
0.021332 0.095605 0.883043 0.000010 0.000010
0.000010 0.000010 0.999960 0.000010 0.000010
0.024831 0.000010 0.975139 0.000010 0.000010
0.030249 0.037296 0.932435 0.000010 0.000010
0.043399 0.040742 0.915839 0.000010 0.000010
0.000010 0.042779 0.957191 0.000010 0.000010
0.000010 0.027229 0.972741 0.000010 0.000010
0.000010 0.000010 0.999960 0.000010 0.000010
0.000010 0.066160 0.933810 0.000010 0.000010
