0.540326 0.001107 0.022604 0.000010 0.000010 0.000010 0.000010 0.000010 0.000010 0.435903
0.526984 0.000010 0.018998 0.000010 0.000010 0.000010 0.000010 0.000010 0.000010 0.453948
0.557765 0.000010 0.000010 0.000010 0.000010 0.000010 0.000010 0.000010 0.012870 0.429295
0.509582 0.000010 0.054893 0.000010 0.000010 0.000010 0.000010 0.000010 0.000010 0.435455
0.474904 0.000010 0.015160 0.000010 0.000010 0.000010 0.000010 0.000010 0.000010 0.509865
0.478345 0.000010 0.016733 0.000010 0.000010 0.000010 0.000010 0.000010 0.002700 0.502162
0.453520 0.000010 0.024554 0.000010 0.000010 0.000010 0.000010 0.000010 0.000010 0.521857
0.551422 0.000010 0.032020 0.000010 0.000010 0.000010 0.000010 0.000010 0.000010 0.416488
0.603203 0.000010 0.036210 0.000010 0.000010 0.010440 0.000010 0.000010 0.000010 0.350087
0.448272 0.000010 0.020680 0.000010 0.000010 0.000010 0.000010 0.000010 0.000010 0.530978
0.463813 0.000010 0.045844 0.000010 0.000010 0.000010 0.000010 0.000010 0.000010 0.490273
0.512670 0.012767 0.000010 0.000010 0.000010 0.000010 0.000010 0.000010 0.000010 0.474494
0.478659 0.000010 0.000010 0.000010 0.000010 0.000010 0.000010 0.011021 0.000010 0.510250
0.521690 0.000010 0.002355 0.000010 0.000010 0.000010 0.000010 0.000010 0.000010 0.475885
0.555293 0.000010 0.034886 0.000010 0.000010 0.000010 0.000010 0.000010 0.000010 0.409752
0.444985 0.000010 0.063023 0.000010 0.000010 0.000010 0.000010 0.000010 0.007054 0.484878
0.580609 0.000010 0.028500 0.000010 0.000010 0.000010 0.000010 0.000010 0.000010 0.390821
0.466004 0.000010 0.032086 0.003980 0.000010 0.000010 0.001158 0.000010 0.000010 0.496722
0.491284 0.000010 0.000010 0.000010 0.000010 0.000010 0.000010 0.000010 0.000010 0.508636
0.533124 0.000010 0.013925 0.000010 0.000010 0.000010 0.000010 0.000010 0.000010 0.452881
0.427519 0.000010 0.000010 0.000010 0.000010 0.000010 0.000010 0.000010 0.000010 0.572401
0.531488 0.000010 0.000010 0.000010 0.000010 0.000010 0.000010 0.000010 0.000010 0.468432
0.453840 0.000010 0.031933 0.000010 0.000010 0.000010 0.000010 0.000010 0.004097 0.510070
0.464517 0.000010 0.000556 0.000010 0.000010 0.010343 0.000010 0.000010 0.019481 0.505053
0.552834 0.000010 0.000010 0.000010 0.000010 0.000010 0.000010 0.000010 0.000010 0.447086
0.452076 0.000010 0.013629 0.000010 0.000010 0.000010 0.000010 0.000010 0.011372 0.522863
0.491601 0.000010 0.030373 0.000010 0.000010 0.000010 0.000010 0.000010 0.000010 0.477956
0.514807 0.000010 0.041755 0.000010 0.000010 0.000010 0.000010 0.000010 0.011695 0.431683
0.541916 0.000010 0.008628 0.000010 0.000010 0.000010 0.000010 0.000010 0.000010 0.449386
0.470522 0.000010 0.004782 0.000010 0.000010 0.000010 0.000010 0.000010 0.000010 0.524627
0.553617 0.000010 0.024153 0.000010 0.000010 0.000010 0.000010 0.000010 0.000010 0.422160
0.405521 0.000010 0.041452 0.000010 0.000010 0.000010 0.000010 0.006976 0.000010 0.545990
0.463518 0.000010 0.000010 0.000010 0.000010 0.000010 0.000010 0.000010 0.000010 0.536402
0.449280 0.000010 0.014300 0.000010 0.000010 0.000010 0.000010 0.025996 0.000010 0.510364
0.473753 0.000010 0.012419 0.000010 0.000010 0.000010 0.000010 0.000010 0.000010 0.513758
0.440458 0.000010 0.000010 0.000010 0.000010 0.000010 0.000010 0.000010 0.000010 0.559462
0.432230 0.000010 0.006254 0.000010 0.000010 0.000010 0.000010 0.000010 0.000010 0.561446
0.429338 0.000010 0.014222 0.000010 0.000010 0.000010 0.000010 0.000010 0.015763 0.540617
0.534940 0.000010 0.043910 0.000010 0.000010 0.000010 0.000010 0.000010 0.001269 0.419821
0.551138 0.000010 0.026352 0.000010 0.000010 0.000010 0.000010 0.000010 0.000010 0.422440
0.344138 0.000010 0.000010 0.000010 0.000010 0.000010 0.000010 0.000010 0.007399 0.648393
0.549255 0.000010 0.000010 0.000010 0.000010 0.000010 0.000010 0.000010 0.023114 0.427561
0.478452 0.000010 0.011695 0.000010 0.000010 0.000010 0.000010 0.000010 0.000788 0.509005
0.545782 0.000010 0.009131 0.000010 0.000010 0.000010 0.000010 0.000010 0.000010 0.445017
0.515229 0.000010 0.008990 0.000010 0.000010 0.000010 0.000010 0.000010 0.000010 0.475710
0.567999 0.000010 0.015120 0.000010 0.000010 0.000010 0.000010 0.000010 0.000010 0.416811
0.433291 0.000010 0.000010 0.000010 0.000010 0.000010 0.000010 0.000010 0.000010 0.566629
0.399922 0.000010 0.000010 0.000010 0.000010 0.000010 0.000010 0.000010 0.000010 0.599998
0.482609 0.000010 0.000010 0.000010 0.000010 0.000010 0.000010 0.000010 0.012295 0.505026
0.415931 0.000010 0.000010 0.000010 0.000010 0.000010 0.000010 0.000010 0.006617 0.577382
0.391833 0.001452 0.000010 0.000010 0.000010 0.000010 0.000010 0.000010 0.006598 0.600057
0.438732 0.000010 0.017597 0.000010 0.000010 0.000010 0.000010 0.000010 0.008122 0.535489
0.360344 0.000010 0.002492 0.000010 0.000010 0.000010 0.000010 0.000010 0.000010 0.637094
0.459949 0.000010 0.000010 0.000010 0.000010 0.000010 0.000010 0.000010 0.008653 0.531328
0.448267 0.000010 0.012075 0.000010 0.000010 0.000010 0.000010 0.000010 0.000010 0.539588
0.577164 0.000010 0.032984 0.000010 0.000010 0.000010 0.000010 0.000010 0.000010 0.389783
0.417843 0.000010 0.030426 0.000010 0.000010 0.000010 0.000010 0.000010 0.013571 0.538100
0.540676 0.000010 0.002415 0.000010 0.000010 0.000010 0.000010 0.000010 0.000010 0.456839
0.474879 0.000010 0.000010 0.000010 0.000010 0.000010 0.000010 0.000010 0.000010 0.525041
0.476140 0.000010 0.020698 0.000010 0.000010 0.000010 0.000010 0.000010 0.000010 0.503091
0.485900 0.000010 0.018608 0.000010 0.000010 0.000010 0.000010 0.000010 0.000010 0.495422
0.335756 0.000010 0.001157 0.000010 0.000010 0.000010 0.000010 0.000010 0.045499 0.617528
0.576514 0.003427 0.000010 0.000010 0.000010 0.000010 0.000010 0.000010 0.000010 0.419989
0.573598 0.000010 0.036414 0.000010 0.000010 0.000010 0.000010 0.000010 0.003286 0.386642
0.938910 0.000010 0.000010 0.000010 0.000010 0.057340 0.000010 0.000010 0.003680 0.000010
0.852183 0.000010 0.009041 0.000010 0.000010 0.081138 0.000010 0.000010 0.014717 0.042871
0.856288 0.025442 0.000010 0.000010 0.000010 0.000010 0.000010 0.000010 0.000010 0.118200
0.918578 0.067864 0.000010 0.000010 0.000010 0.000010 0.000010 0.000010 0.013487 0.000010
0.877744 0.028229 0.000010 0.000010 0.000010 0.061362 0.000010 0.000010 0.032605 0.000010
0.871428 0.000010 0.010331 0.000010 0.000010 0.025636 0.000010 0.000010 0.006473 0.086082
0.854052 0.000010 0.046776 0.000010 0.000010 0.022297 0.000010 0.000010 0.010358 0.066467
0.861190 0.002788 0.000731 0.000010 0.000010 0.020266 0.000010 0.000010 0.000010 0.114976
0.802497 0.000010 0.036075 0.000010 0.000010 0.016559 0.000010 0.000010 0.000010 0.144809
0.805588 0.000010 0.000010 0.000010 0.000010 0.022126 0.000010 0.000010 0.000010 0.172216
0.905858 0.016591 0.029061 0.000010 0.000010 0.048430 0.000010 0.000010 0.000010 0.000010
0.943000 0.013014 0.003944 0.000010 0.000010 0.039982 0.000010 0.000010 0.000010 0.000010
0.936522 0.000010 0.012295 0.000010 0.000010 0.030689 0.000010 0.000010 0.020434 0.000010
0.931676 0.000010 0.000010 0.000010 0.000010 0.052133 0.000010 0.000010 0.016121 0.000010
0.866580 0.047509 0.000010 0.000010 0.000010 0.000010 0.000010 0.000010 0.009295 0.076556
0.940984 0.000010 0.001613 0.000010 0.000010 0.039420 0.000010 0.000010 0.017922 0.000010
0.911236 0.000010 0.009661 0.000010 0.000010 0.052512 0.000010 0.000010 0.000010 0.026531
0.336060 0.000010 0.000010 0.000010 0.000010 0.000010 0.000010 0.000010 0.014691 0.649179
0.500847 0.000010 0.017569 0.000010 0.000010 0.000010 0.000010 0.000010 0.000010 0.481514
0.445583 0.000010 0.013399 0.000010 0.000010 0.000010 0.000010 0.000010 0.000010 0.540948
0.499088 0.000010 0.023418 0.000010 0.000010 0.000010 0.000010 0.000010 0.000010 0.477424
0.447604 0.000010 0.000010 0.000010 0.000010 0.000010 0.000010 0.000010 0.000010 0.552316
0.438436 0.000010 0.000010 0.000010 0.000010 0.000010 0.000010 0.000010 0.017688 0.543806
0.405517 0.000010 0.000010 0.000010 0.000010 0.000010 0.000010 0.000010 0.000010 0.594403
0.476134 0.000010 0.000010 0.000010 0.000010 0.000010 0.000010 0.000010 0.000010 0.523786
0.552547 0.000010 0.025791 0.000010 0.000010 0.000010 0.000010 0.000010 0.000010 0.421592
0.412523 0.000010 0.002231 0.000010 0.000010 0.000010 0.000010 0.000010 0.000010 0.585176
0.439346 0.000010 0.000010 0.000010 0.000010 0.000010 0.000010 0.000010 0.007385 0.553199
0.417985 0.000010 0.015326 0.000010 0.000010 0.000010 0.000010 0.000010 0.019558 0.547071
0.500804 0.006480 0.019740 0.000010 0.000010 0.000010 0.000010 0.000010 0.004725 0.468201
0.439907 0.000010 0.087938 0.000010 0.000010 0.000010 0.000010 0.000010 0.000010 0.472085
0.416021 0.000010 0.000010 0.000010 0.000010 0.000010 0.000010 0.000010 0.034669 0.549241
0.573627 0.000010 0.011358 0.000010 0.000010 0.000010 0.000010 0.000010 0.007006 0.407949
0.605627 0.000010 0.001315 0.000010 0.000010 0.000010 0.000010 0.000010 0.008098 0.384899
0.600919 0.000010 0.000010 0.000010 0.000010 0.000010 0.000010 0.000010 0.000010 0.399001
0.494004 0.000010 0.010132 0.000010 0.000010 0.000010 0.000010 0.000010 0.002014 0.493791
0.474998 0.000010 0.010638 0.000010 0.000010 0.000010 0.000010 0.000010 0.000010 0.514294
0.402139 0.000010 0.000010 0.000010 0.000010 0.000010 0.000010 0.000010 0.000010 0.597781
0.418148 0.000010 0.003800 0.000010 0.000010 0.000010 0.000010 0.000010 0.009890 0.568102
0.529503 0.000010 0.000010 0.000010 0.000010 0.000010 0.000010 0.000010 0.000010 0.470417
0.494868 0.000010 0.000010 0.000010 0.000010 0.000010 0.000010 0.000010 0.000010 0.505052
0.400301 0.000010 0.000010 0.000010 0.000010 0.000010 0.000010 0.000010 0.000010 0.599619
0.516230 0.000010 0.000010 0.000010 0.000010 0.000010 0.000010 0.000010 0.000010 0.483690
0.359891 0.000010 0.000010 0.000010 0.000010 0.000010 0.000010 0.000010 0.000010 0.640029
0.431535 0.000010 0.000010 0.000010 0.000010 0.000010 0.000010 0.000010 0.009262 0.559133
0.561194 0.003344 0.001886 0.000010 0.000010 0.000010 0.000010 0.000010 0.000010 0.433516
0.466645 0.000010 0.014711 0.000010 0.000010 0.000010 0.000010 0.000010 0.000010 0.518574
0.447907 0.000010 0.000010 0.000010 0.000010 0.000010 0.000010 0.000010 0.002604 0.549418
0.337038 0.000010 0.014025 0.000010 0.000010 0.000010 0.000010 0.000010 0.000010 0.648867
0.553802 0.000010 0.034023 0.000010 0.000010 0.000010 0.000010 0.000010 0.000010 0.412105
0.581504 0.000010 0.000010 0.000010 0.000010 0.000010 0.000010 0.000010 0.000010 0.418416
0.847380 0.000010 0.023929 0.000010 0.000010 0.056187 0.000010 0.000010 0.000010 0.072444
0.933965 0.000010 0.000010 0.000010 0.000010 0.065955 0.000010 0.000010 0.000010 0.000010
0.847334 0.015557 0.000010 0.000010 0.000010 0.021012 0.000010 0.000010 0.000010 0.116038
0.883995 0.000010 0.023269 0.000010 0.000010 0.040419 0.000010 0.000010 0.052258 0.000010
0.913200 0.070353 0.016376 0.000010 0.000010 0.000010 0.000010 0.000010 0.000010 0.000010
0.920125 0.000010 0.000010 0.000010 0.000010 0.041353 0.000010 0.000010 0.038452 0.000010
0.891771 0.025731 0.012724 0.000010 0.000010 0.051874 0.000010 0.000010 0.017850 0.000010
0.769992 0.025006 0.000010 0.000010 0.000010 0.019071 0.000010 0.000010 0.000010 0.185871
0.996789 0.003131 0.000010 0.000010 0.000010 0.000010 0.000010 0.000010 0.000010 0.000010
0.861749 0.014544 0.020689 0.000010 0.000010 0.032453 0.000010 0.000010 0.000010 0.070514
0.915322 0.000010 0.033455 0.000010 0.000010 0.043291 0.000010 0.000010 0.007873 0.000010
0.826189 0.019987 0.008823 0.000010 0.000010 0.000010 0.000010 0.000010 0.019244 0.125706
0.906041 0.000010 0.041854 0.000010 0.000010 0.020370 0.000010 0.000010 0.031676 0.000010
0.966098 0.000010 0.000010 0.000010 0.000010 0.029772 0.000010 0.000010 0.000010 0.004061
0.751696 0.000010 0.016984 0.000010 0.000010 0.042365 0.000010 0.000010 0.010771 0.178134
0.931931 0.000010 0.000010 0.000010 0.000010 0.054120 0.000010 0.000010 0.000010 0.013878
0.921162 0.002762 0.037125 0.000010 0.000010 0.036430 0.000010 0.000010 0.002470 0.000010
0.940989 0.003646 0.015996 0.000010 0.000010 0.018306 0.000010 0.000010 0.021014 0.000010
0.880951 0.000010 0.005820 0.000010 0.000010 0.000010 0.000010 0.000010 0.034241 0.078928
0.937976 0.040751 0.000010 0.000010 0.000010 0.006358 0.000010 0.000010 0.014854 0.000010
0.958282 0.002602 0.000010 0.000010 0.000010 0.018939 0.000010 0.000010 0.020116 0.000010
0.789549 0.000010 0.000010 0.000010 0.000010 0.007479 0.000010 0.000010 0.005518 0.197394
0.783109 0.000010 0.053059 0.000010 0.000010 0.000010 0.000010 0.000010 0.006980 0.156793
0.887177 0.050386 0.024610 0.000010 0.000010 0.000010 0.000010 0.000010 0.014257 0.023521
0.964877 0.000010 0.000010 0.000010 0.000010 0.028664 0.000010 0.000010 0.006390 0.000010
0.825947 0.000010 0.049427 0.000010 0.000010 0.018247 0.000010 0.000010 0.008919 0.097410
0.932632 0.031313 0.000010 0.000010 0.000010 0.004575 0.000010 0.000010 0.031420 0.000010
0.885278 0.030854 0.037174 0.000010 0.000010 0.034466 0.000010 0.000010 0.012178 0.000010
0.652628 0.005388 0.000010 0.000010 0.000010 0.025430 0.000010 0.000010 0.025244 0.291261
0.955101 0.000106 0.000010 0.000010 0.000010 0.027832 0.000010 0.000010 0.016901 0.000010
0.898957 0.000010 0.026474 0.000010 0.000010 0.074499 0.000010 0.000010 0.000010 0.000010
0.954769 0.000010 0.018744 0.000010 0.000010 0.019662 0.000010 0.000010 0.006766 0.000010
0.921766 0.000010 0.000010 0.000010 0.000010 0.049495 0.000010 0.000010 0.028669 0.000010
0.953388 0.000010 0.000010 0.000010 0.000010 0.027053 0.000010 0.000010 0.019489 0.000010
0.924861 0.029885 0.032461 0.000010 0.000010 0.000010 0.000010 0.000010 0.012734 0.000010
0.921424 0.008197 0.000010 0.000010 0.000010 0.049169 0.000010 0.000010 0.021149 0.000010
0.866492 0.000010 0.024903 0.000010 0.000010 0.036667 0.000010 0.000010 0.000010 0.071877
0.861931 0.034291 0.038509 0.000010 0.000010 0.005168 0.000010 0.000010 0.025861 0.034200
0.696769 0.000010 0.033206 0.000010 0.000010 0.082082 0.000010 0.000010 0.040496 0.147397
0.830093 0.012359 0.000010 0.000010 0.000010 0.033779 0.000010 0.000010 0.042075 0.081644
0.806006 0.031126 0.000010 0.000010 0.000010 0.000010 0.000010 0.000010 0.003850 0.158957
0.969398 0.000010 0.014787 0.000010 0.000010 0.012187 0.000010 0.000010 0.003567 0.000010
0.940242 0.000010 0.000010 0.000010 0.000010 0.059678 0.000010 0.000010 0.000010 0.000010
0.771141 0.005931 0.000010 0.000010 0.000010 0.000010 0.000010 0.000010 0.003270 0.219598
0.949577 0.000010 0.038289 0.000010 0.000010 0.000010 0.000010 0.000010 0.012064 0.000010
0.936510 0.044898 0.000010 0.000010 0.000010 0.000010 0.000010 0.000010 0.018522 0.000010
0.702148 0.000010 0.085018 0.000010 0.000010 0.029153 0.000010 0.013155 0.008083 0.162403
0.939002 0.000010 0.000010 0.000010 0.000010 0.040627 0.000010 0.000010 0.020301 0.000010
0.955742 0.000010 0.023205 0.000010 0.000010 0.020983 0.000010 0.000010 0.000010 0.000010
0.715294 0.036064 0.031717 0.000010 0.000010 0.000010 0.000010 0.000010 0.003522 0.213352
0.854229 0.000010 0.033894 0.000010 0.000010 0.053625 0.000010 0.000010 0.017223 0.040978
0.808624 0.021790 0.000010 0.000010 0.000010 0.000010 0.000010 0.000010 0.013177 0.156349
0.924319 0.006538 0.000010 0.000010 0.000010 0.036087 0.000010 0.000010 0.032996 0.000010
0.764309 0.000010 0.000010 0.000010 0.000010 0.003271 0.000010 0.000010 0.000010 0.232350
0.992247 0.007673 0.000010 0.000010 0.000010 0.000010 0.000010 0.000010 0.000010 0.000010
0.936946 0.018707 0.000010 0.000010 0.000010 0.006608 0.000010 0.000010 0.037679 0.000010
0.826763 0.000010 0.000010 0.000010 0.000010 0.012010 0.000010 0.000010 0.000484 0.160682
0.929871 0.024316 0.000010 0.000010 0.000010 0.015733 0.000010 0.000010 0.000010 0.030020
0.904208 0.000010 0.013173 0.000010 0.000010 0.031759 0.000010 0.000010 0.010444 0.040365
0.929961 0.000010 0.000010 0.000010 0.000010 0.048019 0.000010 0.000010 0.021951 0.000010
0.707379 0.015432 0.046409 0.000010 0.000010 0.016201 0.000010 0.000010 0.000010 0.214528
0.908163 0.000010 0.000010 0.000010 0.000010 0.023391 0.000010 0.000010 0.000010 0.068377
0.944942 0.008166 0.000010 0.000010 0.000010 0.012297 0.000010 0.000010 0.034535 0.000010
0.913561 0.021622 0.000010 0.000010 0.000010 0.048061 0.000010 0.000010 0.016695 0.000010
0.942263 0.000010 0.000010 0.000010 0.000010 0.020064 0.000010 0.000010 0.037602 0.000010
0.915425 0.000010 0.025543 0.000010 0.000010 0.029186 0.000010 0.000010 0.000010 0.029787
0.937122 0.036405 0.018845 0.000010 0.000010 0.000010 0.000010 0.000010 0.007568 0.000010
0.927094 0.026305 0.000010 0.000010 0.000010 0.009014 0.000010 0.000010 0.028978 0.008560
0.905717 0.000010 0.019197 0.000010 0.000012 0.061978 0.000010 0.000010 0.013047 0.000010
0.956227 0.015608 0.007467 0.000010 0.000010 0.000010 0.000010 0.000010 0.020638 0.000010
0.877461 0.000010 0.014652 0.000010 0.000010 0.082299 0.000010 0.000010 0.025528 0.000010
0.873582 0.000010 0.000010 0.000010 0.000010 0.111294 0.000010 0.000010 0.015054 0.000010
0.891164 0.000010 0.000010 0.000010 0.000010 0.079407 0.000010 0.000010 0.029359 0.000010
0.947868 0.000010 0.000010 0.000010 0.000010 0.042445 0.000010 0.000010 0.009617 0.000010
0.930587 0.000010 0.000010 0.000010 0.000010 0.017720 0.000010 0.000010 0.000010 0.051623
0.923593 0.002157 0.000010 0.000010 0.000010 0.056521 0.000010 0.000010 0.017669 0.000010
0.956121 0.000010 0.000010 0.000010 0.000010 0.043799 0.000010 0.000010 0.000010 0.000010
0.877166 0.000010 0.012166 0.000010 0.000010 0.014217 0.000010 0.000010 0.028432 0.067968
0.787859 0.000010 0.018332 0.000010 0.000010 0.003297 0.000010 0.000010 0.006319 0.184143
0.919408 0.000010 0.011492 0.000010 0.000010 0.043108 0.000010 0.000010 0.000010 0.025933
0.975664 0.000010 0.000010 0.000010 0.000010 0.024256 0.000010 0.000010 0.000010 0.000010
0.980384 0.000010 0.000010 0.000010 0.000010 0.019536 0.000010 0.000010 0.000010 0.000010
0.941519 0.000010 0.000010 0.000010 0.000010 0.033138 0.000010 0.000010 0.025273 0.000010
0.000010 0.534986 0.000010 0.000010 0.000010 0.464934 0.000010 0.000010 0.000010 0.000010
0.000010 0.640417 0.000010 0.000010 0.000010 0.359503 0.000010 0.000010 0.000010 0.000010
0.000010 0.697174 0.000010 0.000010 0.000010 0.302746 0.000010 0.000010 0.000010 0.000010
0.000010 0.633227 0.000010 0.000010 0.000010 0.366693 0.000010 0.000010 0.000010 0.000010
0.000010 0.637800 0.000010 0.000010 0.000010 0.362120 0.000010 0.000010 0.000010 0.000010
0.000010 0.618555 0.000010 0.000010 0.000010 0.381365 0.000010 0.000010 0.000010 0.000010
0.000010 0.519314 0.000010 0.000010 0.000010 0.480606 0.000010 0.000010 0.000010 0.000010
0.000010 0.581112 0.000010 0.000010 0.000010 0.418808 0.000010 0.000010 0.000010 0.000010
0.000010 0.455903 0.000010 0.000010 0.000010 0.544017 0.000010 0.000010 0.000010 0.000010
0.000010 0.543017 0.000010 0.000010 0.000010 0.456903 0.000010 0.000010 0.000010 0.000010
0.000010 0.623314 0.000010 0.000010 0.000010 0.376606 0.000010 0.000010 0.000010 0.000010
0.000010 0.562429 0.000010 0.000010 0.000010 0.437491 0.000010 0.000010 0.000010 0.000010
0.000010 0.637987 0.000010 0.000010 0.000010 0.361933 0.000010 0.000010 0.000010 0.000010
0.000010 0.508450 0.000010 0.000010 0.000010 0.491470 0.000010 0.000010 0.000010 0.000010
0.000010 0.623450 0.000010 0.000010 0.000010 0.376470 0.000010 0.000010 0.000010 0.000010
0.000010 0.587210 0.000010 0.000010 0.000010 0.409840 0.000010 0.000019 0.002871 0.000010
0.000010 0.712045 0.000010 0.000010 0.000010 0.287875 0.000010 0.000010 0.000010 0.000010
0.000010 0.637607 0.000010 0.000010 0.000010 0.362313 0.000010 0.000010 0.000010 0.000010
0.000010 0.672163 0.000010 0.000010 0.000010 0.327757 0.000010 0.000010 0.000010 0.000010
0.000010 0.577627 0.000010 0.000010 0.000010 0.422293 0.000010 0.000010 0.000010 0.000010
0.000010 0.651582 0.000010 0.000010 0.000010 0.348338 0.000010 0.000010 0.000010 0.000010
0.000010 0.725266 0.000010 0.000010 0.000010 0.274654 0.000010 0.000010 0.000010 0.000010
0.000010 0.699526 0.000011 0.000010 0.000010 0.300393 0.000010 0.000010 0.000010 0.000010
0.000010 0.761953 0.000010 0.000010 0.000010 0.237967 0.000010 0.000010 0.000010 0.000010
0.000010 0.560234 0.000010 0.000010 0.000010 0.439686 0.000010 0.000010 0.000010 0.000010
0.000010 0.679039 0.000010 0.000010 0.000010 0.320881 0.000010 0.000010 0.000010 0.000010
0.000010 0.604582 0.000010 0.000010 0.000010 0.395338 0.000010 0.000010 0.000010 0.000010
0.000010 0.575539 0.000010 0.000010 0.000010 0.424381 0.000010 0.000010 0.000010 0.000010
0.000010 0.570447 0.000010 0.000010 0.000010 0.429472 0.000010 0.000010 0.000011 0.000010
0.000010 0.604565 0.000010 0.000010 0.000010 0.395355 0.000010 0.000010 0.000010 0.000010
0.000010 0.548604 0.000010 0.000010 0.000010 0.451316 0.000010 0.000010 0.000010 0.000010
0.000010 0.501111 0.000010 0.000010 0.000010 0.498809 0.000010 0.000010 0.000010 0.000010
0.000010 0.547227 0.000010 0.000010 0.000010 0.452693 0.000010 0.000010 0.000010 0.000010
0.000010 0.516903 0.000010 0.000010 0.000010 0.483017 0.000010 0.000010 0.000010 0.000010
0.000010 0.597422 0.000010 0.000010 0.000010 0.402498 0.000010 0.000010 0.000010 0.000010
0.000010 0.562680 0.000010 0.000010 0.000010 0.437240 0.000010 0.000010 0.000010 0.000010
0.000010 0.590992 0.000010 0.000010 0.000010 0.408928 0.000010 0.000010 0.000010 0.000010
0.000010 0.571713 0.000010 0.000010 0.000010 0.428207 0.000010 0.000010 0.000010 0.000010
0.000010 0.554222 0.000010 0.000010 0.000010 0.445698 0.000010 0.000010 0.000010 0.000010
0.000010 0.544252 0.000010 0.000010 0.000010 0.455666 0.000010 0.000010 0.000011 0.000010
0.000010 0.612830 0.000010 0.000010 0.000010 0.387090 0.000010 0.000010 0.000010 0.000010
0.000010 0.619181 0.000010 0.000010 0.000010 0.380739 0.000010 0.000010 0.000010 0.000010
0.000010 0.568030 0.000010 0.000010 0.000010 0.431890 0.000010 0.000010 0.000010 0.000010
0.000010 0.634104 0.000010 0.000010 0.000010 0.365816 0.000010 0.000010 0.000010 0.000010
0.000010 0.648675 0.000010 0.000010 0.000010 0.351245 0.000010 0.000010 0.000010 0.000010
0.000010 0.481394 0.000010 0.000010 0.000010 0.518526 0.000010 0.000010 0.000010 0.000010
0.000010 0.569280 0.000010 0.000010 0.000010 0.430640 0.000010 0.000010 0.000010 0.000010
0.000010 0.476946 0.000010 0.000010 0.000010 0.521526 0.000010 0.000010 0.001458 0.000010
0.000010 0.548327 0.000010 0.000010 0.000010 0.451593 0.000010 0.000010 0.000010 0.000010
0.000011 0.536352 0.000010 0.000010 0.000010 0.463567 0.000010 0.000010 0.000010 0.000010
0.000010 0.523665 0.000010 0.000010 0.000010 0.476255 0.000010 0.000010 0.000010 0.000010
0.000010 0.619321 0.000010 0.000010 0.000010 0.380599 0.000010 0.000010 0.000010 0.000010
0.000010 0.545863 0.000010 0.000010 0.000010 0.454057 0.000010 0.000010 0.000010 0.000010
0.000010 0.603293 0.000010 0.000010 0.000010 0.396627 0.000010 0.000010 0.000010 0.000010
0.000010 0.708773 0.000010 0.000010 0.000010 0.291147 0.000010 0.000010 0.000010 0.000010
0.000010 0.478597 0.000010 0.000010 0.000010 0.521323 0.000010 0.000010 0.000010 0.000010
0.000010 0.615671 0.000010 0.000010 0.000010 0.384249 0.000010 0.000010 0.000010 0.000010
0.000010 0.562641 0.000010 0.000010 0.000010 0.435374 0.000010 0.000010 0.001914 0.000010
0.000010 0.552841 0.000010 0.000010 0.000010 0.447079 0.000010 0.000010 0.000010 0.000010
0.000010 0.540875 0.000010 0.000010 0.000010 0.459045 0.000010 0.000010 0.000010 0.000010
0.000010 0.628481 0.000010 0.000010 0.000010 0.371439 0.000010 0.000010 0.000010 0.000010
0.000010 0.576830 0.000010 0.000010 0.000010 0.423090 0.000010 0.000010 0.000010 0.000010
0.000010 0.596669 0.000010 0.000010 0.000010 0.403251 0.000010 0.000010 0.000010 0.000010
0.000010 0.536184 0.000010 0.000010 0.000010 0.455280 0.000010 0.000010 0.008466 0.000010
0.000010 0.788666 0.000010 0.000010 0.000010 0.211254 0.000010 0.000010 0.000010 0.000010
0.000010 0.691322 0.000010 0.000010 0.000010 0.308598 0.000010 0.000010 0.000010 0.000010
0.126317 0.000010 0.026330 0.081160 0.000010 0.000010 0.000010 0.078969 0.169061 0.518123
0.158749 0.000010 0.056421 0.101861 0.000010 0.000010 0.000010 0.000010 0.009475 0.673444
0.000010 0.000010 0.000010 0.006869 0.000870 0.000010 0.130969 0.357425 0.271075 0.232753
0.071746 0.000010 0.042125 0.010960 0.000010 0.000010 0.000010 0.352477 0.097099 0.425552
0.048108 0.000010 0.012522 0.000010 0.000010 0.000010 0.047909 0.438294 0.170169 0.282958
0.000010 0.593524 0.000010 0.000010 0.000010 0.406396 0.000010 0.000010 0.000010 0.000010
0.000010 0.648918 0.000010 0.000010 0.000010 0.351002 0.000010 0.000010 0.000010 0.000010
0.000010 0.596633 0.000010 0.000010 0.000010 0.403287 0.000010 0.000010 0.000010 0.000010
0.000010 0.456854 0.000010 0.000010 0.000010 0.543066 0.000010 0.000010 0.000010 0.000010
0.000010 0.491745 0.000010 0.000010 0.000010 0.508175 0.000010 0.000010 0.000010 0.000010
0.000010 0.496662 0.000010 0.000010 0.000010 0.503258 0.000010 0.000010 0.000010 0.000010
0.000010 0.530807 0.000010 0.000010 0.000010 0.464554 0.000010 0.000010 0.004569 0.000010
0.000010 0.644083 0.000010 0.000010 0.000010 0.355837 0.000010 0.000010 0.000010 0.000010
0.000010 0.573426 0.000010 0.000010 0.000010 0.426494 0.000010 0.000010 0.000010 0.000010
0.000010 0.592993 0.000010 0.000010 0.000010 0.406927 0.000010 0.000010 0.000010 0.000010
0.000010 0.389894 0.000010 0.000010 0.000010 0.610026 0.000010 0.000010 0.000010 0.000010
0.000010 0.528047 0.000010 0.000010 0.000010 0.471873 0.000010 0.000010 0.000010 0.000010
0.000010 0.543128 0.000010 0.000010 0.000010 0.456792 0.000010 0.000010 0.000010 0.000010
0.000010 0.450516 0.000010 0.000010 0.000010 0.549404 0.000010 0.000010 0.000010 0.000010
0.000010 0.483364 0.000010 0.000010 0.000010 0.516556 0.000010 0.000010 0.000010 0.000010
0.000010 0.689332 0.000010 0.000010 0.000010 0.310588 0.000010 0.000010 0.000010 0.000010
0.000010 0.579987 0.000010 0.000010 0.000010 0.419933 0.000010 0.000010 0.000010 0.000010
0.000010 0.684392 0.000010 0.000010 0.000010 0.315528 0.000010 0.000010 0.000010 0.000010
0.000010 0.666600 0.000010 0.000010 0.000010 0.333320 0.000010 0.000010 0.000010 0.000010
0.000010 0.686031 0.021201 0.000010 0.000010 0.292698 0.000010 0.000010 0.000010 0.000010
0.000010 0.687520 0.000010 0.000010 0.000010 0.312400 0.000010 0.000010 0.000010 0.000010
0.000010 0.275696 0.010300 0.000010 0.000010 0.700357 0.000010 0.000010 0.013586 0.000010
0.000010 0.591915 0.000010 0.000010 0.000010 0.408005 0.000010 0.000010 0.000010 0.000010
0.000010 0.356809 0.000010 0.000010 0.000010 0.643111 0.000010 0.000010 0.000010 0.000010
0.000010 0.450989 0.000010 0.000010 0.000010 0.543929 0.000010 0.000010 0.005012 0.000010
0.000010 0.544549 0.000010 0.000010 0.000010 0.455371 0.000010 0.000010 0.000010 0.000010
0.000010 0.498131 0.000010 0.000010 0.000010 0.501789 0.000010 0.000010 0.000010 0.000010
0.000010 0.467094 0.000010 0.000010 0.000010 0.532826 0.000010 0.000010 0.000010 0.000010
0.000010 0.579582 0.000010 0.000010 0.000010 0.420338 0.000010 0.000010 0.000010 0.000010
0.000010 0.464473 0.000010 0.000010 0.000010 0.535447 0.000010 0.000010 0.000010 0.000010
0.000010 0.573769 0.000010 0.000010 0.000010 0.422744 0.000010 0.000010 0.003417 0.000010
0.000010 0.535981 0.000010 0.000010 0.000010 0.463939 0.000010 0.000010 0.000010 0.000010
0.000010 0.557094 0.000010 0.000010 0.000010 0.442826 0.000010 0.000010 0.000010 0.000010
0.000010 0.627395 0.000010 0.000010 0.000010 0.372525 0.000010 0.000010 0.000010 0.000010
0.000010 0.586499 0.000010 0.000010 0.000010 0.413421 0.000010 0.000010 0.000010 0.000010
0.000010 0.661589 0.000010 0.000010 0.000010 0.338331 0.000010 0.000010 0.000010 0.000010
0.000010 0.558251 0.000010 0.000010 0.000010 0.441669 0.000010 0.000010 0.000010 0.000010
0.000010 0.440615 0.000010 0.000010 0.000010 0.559305 0.000010 0.000010 0.000010 0.000010
0.000010 0.491842 0.000010 0.000010 0.000010 0.508078 0.000010 0.000010 0.000010 0.000010
0.000010 0.656782 0.000010 0.000010 0.000010 0.343138 0.000010 0.000010 0.000010 0.000010
0.000010 0.565472 0.000010 0.000010 0.000010 0.434448 0.000010 0.000010 0.000010 0.000010
0.000010 0.629033 0.000010 0.000010 0.000010 0.370887 0.000010 0.000010 0.000010 0.000010
0.000010 0.623578 0.000010 0.000010 0.000010 0.376342 0.000010 0.000010 0.000010 0.000010
0.000010 0.617212 0.000010 0.000010 0.000010 0.382708 0.000010 0.000010 0.000010 0.000010
0.000010 0.631919 0.000010 0.000010 0.000010 0.368001 0.000010 0.000010 0.000010 0.000010
0.000010 0.640336 0.000010 0.000010 0.000010 0.359584 0.000010 0.000010 0.000010 0.000010
0.000010 0.399861 0.000012 0.000010 0.000010 0.600057 0.000010 0.000010 0.000010 0.000010
0.000010 0.489876 0.000010 0.000010 0.000010 0.510044 0.000010 0.000010 0.000010 0.000010
0.000010 0.026510 0.049314 0.077655 0.000010 0.000010 0.000010 0.675461 0.047356 0.123664
0.000010 0.000010 0.001563 0.043518 0.009551 0.000010 0.093757 0.476940 0.000010 0.374631
0.000010 0.000010 0.040998 0.066081 0.000010 0.000010 0.000010 0.711270 0.015981 0.165620
0.061781 0.000010 0.029776 0.000010 0.000010 0.000010 0.000010 0.315737 0.114956 0.477699
0.000010 0.000010 0.027930 0.000010 0.000010 0.000010 0.000010 0.624596 0.195468 0.151945
0.000010 0.000010 0.032855 0.000010 0.000010 0.000010 0.000010 0.531192 0.227323 0.208569
0.000010 0.807859 0.000010 0.000010 0.000010 0.192061 0.000010 0.000010 0.000010 0.000010
0.000010 0.810136 0.000010 0.000010 0.000010 0.189784 0.000010 0.000010 0.000010 0.000010
0.000010 0.847091 0.000010 0.000010 0.000010 0.152829 0.000010 0.000010 0.000010 0.000010
0.000010 0.765101 0.000010 0.000010 0.000010 0.234819 0.000010 0.000010 0.000010 0.000010
0.000010 0.724145 0.000010 0.000010 0.000010 0.275775 0.000010 0.000010 0.000010 0.000010
0.000010 0.754809 0.000010 0.000010 0.000010 0.245111 0.000010 0.000010 0.000010 0.000010
0.000010 0.707863 0.000010 0.000010 0.000010 0.292057 0.000010 0.000010 0.000010 0.000010
0.000010 0.631117 0.000010 0.000013 0.000010 0.368801 0.000010 0.000010 0.000010 0.000010
0.000010 0.631843 0.000010 0.000010 0.000010 0.368077 0.000010 0.000010 0.000010 0.000010
0.000010 0.700751 0.000010 0.000010 0.000010 0.299169 0.000010 0.000010 0.000010 0.000010
0.000010 0.849435 0.000010 0.000010 0.000010 0.150485 0.000010 0.000010 0.000010 0.000010
0.000010 0.807286 0.000010 0.000010 0.000010 0.192634 0.000010 0.000010 0.000010 0.000010
0.000010 0.562151 0.000010 0.000010 0.000010 0.437769 0.000010 0.000010 0.000010 0.000010
0.000010 0.736063 0.000010 0.000010 0.000010 0.263857 0.000010 0.000010 0.000010 0.000010
0.000010 0.626549 0.000010 0.000010 0.000010 0.373371 0.000010 0.000010 0.000010 0.000010
0.000010 0.637133 0.000010 0.000010 0.000010 0.362787 0.000010 0.000010 0.000010 0.000010
0.000010 0.658952 0.000010 0.000010 0.000010 0.340968 0.000010 0.000010 0.000010 0.000010
0.000010 0.661694 0.000010 0.000010 0.000010 0.338226 0.000010 0.000010 0.000010 0.000010
0.000010 0.759279 0.000010 0.000010 0.000010 0.240641 0.000010 0.000010 0.000010 0.000010
0.000010 0.793360 0.000010 0.000010 0.000010 0.206560 0.000010 0.000010 0.000010 0.000010
0.000010 0.780042 0.000010 0.000010 0.000010 0.219878 0.000010 0.000010 0.000010 0.000010
0.000010 0.712056 0.000010 0.000010 0.000010 0.286206 0.000010 0.000010 0.001668 0.000010
0.000010 0.749165 0.000010 0.000010 0.000010 0.250755 0.000010 0.000010 0.000010 0.000010
0.000010 0.710272 0.000010 0.000010 0.000010 0.289648 0.000010 0.000010 0.000010 0.000010
0.000010 0.757444 0.000010 0.000010 0.000010 0.242476 0.000010 0.000010 0.000010 0.000010
0.000010 0.684568 0.000010 0.000010 0.000010 0.315352 0.000010 0.000010 0.000010 0.000010
0.000010 0.752952 0.000010 0.000010 0.000010 0.246968 0.000010 0.000010 0.000010 0.000010
0.000010 0.648756 0.000010 0.000010 0.000010 0.351164 0.000010 0.000010 0.000010 0.000010
0.000010 0.709994 0.000010 0.000010 0.000010 0.289926 0.000010 0.000010 0.000010 0.000010
0.000010 0.724974 0.000010 0.000010 0.000010 0.274946 0.000010 0.000010 0.000010 0.000010
0.000010 0.645137 0.000010 0.000010 0.000010 0.354781 0.000010 0.000010 0.000012 0.000010
0.000010 0.679940 0.000010 0.000010 0.000010 0.319980 0.000010 0.000010 0.000010 0.000010
0.000010 0.678102 0.000010 0.000010 0.000010 0.321818 0.000010 0.000010 0.000010 0.000010
0.000010 0.714966 0.000010 0.000010 0.000010 0.284954 0.000010 0.000010 0.000010 0.000010
0.000010 0.780590 0.000010 0.000010 0.000010 0.219330 0.000010 0.000010 0.000010 0.000010
0.000010 0.787906 0.000010 0.000010 0.000010 0.212014 0.000010 0.000010 0.000010 0.000010
0.000010 0.771892 0.000010 0.000010 0.000010 0.228028 0.000010 0.000010 0.000010 0.000010
0.000010 0.710069 0.000010 0.000010 0.000010 0.289851 0.000010 0.000010 0.000010 0.000010
0.000010 0.765304 0.000010 0.000010 0.000010 0.234616 0.000010 0.000010 0.000010 0.000010
0.096770 0.000010 0.016844 0.000010 0.000010 0.000010 0.000010 0.423148 0.008727 0.454461
0.152237 0.000010 0.024533 0.000010 0.000010 0.000010 0.000010 0.451507 0.175113 0.196560
0.146435 0.000010 0.043120 0.000010 0.000010 0.000010 0.000010 0.493342 0.081217 0.235836
0.000010 0.000010 0.000010 0.047436 0.000010 0.000010 0.031265 0.748611 0.172628 0.000010
0.024856 0.000010 0.000010 0.000010 0.000010 0.000010 0.000010 0.881845 0.093230 0.000010
0.135253 0.000010 0.001686 0.000010 0.000010 0.000010 0.000010 0.435273 0.134736 0.293002
0.046978 0.000010 0.000010 0.031174 0.000010 0.000010 0.000010 0.844080 0.077708 0.000010
0.000010 0.000010 0.000010 0.000010 0.000010 0.000010 0.000010 0.922064 0.077856 0.000010
0.321625 0.000010 0.000010 0.000010 0.000010 0.000010 0.000010 0.306354 0.128890 0.243071
0.000010 0.001167 0.000010 0.048674 0.000010 0.000010 0.000010 0.746604 0.203496 0.000010
0.187178 0.000010 0.003785 0.000010 0.000010 0.000010 0.000010 0.635891 0.136802 0.036294
0.000010 0.969998 0.000010 0.000010 0.000010 0.029922 0.000010 0.000010 0.000010 0.000010
0.000010 0.989488 0.000010 0.000011 0.000010 0.010431 0.000010 0.000010 0.000010 0.000010
0.000010 0.992679 0.007239 0.000010 0.000010 0.000010 0.000010 0.000010 0.000012 0.000010
0.000010 0.999910 0.000010 0.000010 0.000010 0.000010 0.000010 0.000010 0.000010 0.000010
0.000010 0.993163 0.006757 0.000010 0.000010 0.000010 0.000010 0.000010 0.000010 0.000010
0.000010 0.977670 0.010897 0.000010 0.000010 0.011362 0.000010 0.000010 0.000010 0.000010
0.000010 0.918888 0.000010 0.000010 0.000010 0.081032 0.000010 0.000010 0.000010 0.000010
0.000010 0.883508 0.000010 0.000010 0.000010 0.108548 0.000010 0.000010 0.007874 0.000010
0.000010 0.999910 0.000010 0.000010 0.000010 0.000010 0.000010 0.000010 0.000010 0.000010
0.000010 0.992526 0.000010 0.000010 0.000010 0.000010 0.000010 0.000010 0.007394 0.000010
0.000010 0.907624 0.000010 0.000010 0.000010 0.092296 0.000010 0.000010 0.000010 0.000010
0.000010 0.895213 0.000010 0.000010 0.000010 0.104707 0.000010 0.000010 0.000010 0.000010
0.000010 0.932975 0.000010 0.000010 0.000010 0.066945 0.000010 0.000010 0.000010 0.000010
0.000010 0.953162 0.000010 0.000010 0.000010 0.046758 0.000010 0.000010 0.000010 0.000010
0.000010 0.999910 0.000010 0.000010 0.000010 0.000010 0.000010 0.000010 0.000010 0.000010
0.000010 0.981515 0.000010 0.000010 0.000010 0.013290 0.000010 0.000010 0.005125 0.000010
0.000010 0.999910 0.000010 0.000010 0.000010 0.000010 0.000010 0.000010 0.000010 0.000010
0.000010 0.000010 0.000010 0.000010 0.004701 0.000010 0.000010 0.661010 0.001799 0.332430
0.030243 0.000010 0.000010 0.000010 0.000010 0.000010 0.000010 0.687321 0.018500 0.263876
0.000010 0.000010 0.000010 0.023701 0.073443 0.000010 0.062056 0.799123 0.041628 0.000010
0.000010 0.000010 0.000010 0.000010 0.000010 0.000010 0.000010 0.960530 0.039390 0.000010
0.000010 0.036250 0.000010 0.000010 0.000224 0.000010 0.117338 0.630308 0.215830 0.000010
0.000010 0.000010 0.000010 0.000010 0.009273 0.000010 0.186907 0.504104 0.096553 0.203113
0.000010 0.000010 0.023659 0.000010 0.000010 0.000010 0.186571 0.612421 0.177289 0.000010
0.000010 0.000010 0.000010 0.000010 0.000010 0.000010 0.000010 0.999910 0.000010 0.000010
0.000010 0.000010 0.000010 0.000010 0.000010 0.000010 0.093702 0.844226 0.062002 0.000010
0.000010 0.000010 0.000010 0.000010 0.000010 0.000010 0.000010 0.999910 0.000010 0.000010
0.116722 0.000010 0.014561 0.000010 0.000010 0.000010 0.000010 0.548999 0.014694 0.304974
0.000010 0.000010 0.000010 0.019083 0.000010 0.000010 0.000010 0.831518 0.149328 0.000010
0.000010 0.000010 0.000010 0.000010 0.000010 0.000010 0.000010 0.972749 0.027171 0.000010
0.000010 0.000010 0.006471 0.000010 0.000010 0.002471 0.000010 0.614306 0.195704 0.180998
0.000010 0.000010 0.000010 0.000010 0.000010 0.000010 0.000010 0.999910 0.000010 0.000010
0.000010 0.000010 0.000010 0.000010 0.000010 0.000010 0.000010 0.999910 0.000010 0.000010
0.000966 0.000010 0.000010 0.000010 0.000010 0.000010 0.000010 0.567121 0.040776 0.391076
0.032422 0.000010 0.000010 0.000010 0.000010 0.000010 0.000010 0.600710 0.066518 0.300290
0.001906 0.000010 0.000010 0.000010 0.000010 0.000010 0.000010 0.686709 0.013314 0.298011
0.000010 0.000010 0.000010 0.000010 0.000010 0.000010 0.000010 0.621316 0.114052 0.264562
0.023475 0.000010 0.006450 0.000010 0.000010 0.000010 0.000010 0.876630 0.000010 0.093385
0.000010 0.000010 0.000010 0.000010 0.000010 0.000010 0.000010 0.917529 0.000010 0.082391
0.166081 0.000010 0.080264 0.055405 0.000010 0.000010 0.000010 0.005731 0.052986 0.639493
0.033333 0.000010 0.005758 0.000010 0.000010 0.000010 0.000010 0.539161 0.123708 0.297990
0.000010 0.000010 0.017070 0.000010 0.000010 0.000010 0.000010 0.747437 0.235423 0.000010
0.000010 0.000010 0.000010 0.000010 0.000010 0.000010 0.000010 0.830716 0.110003 0.059211
0.000010 0.000010 0.005723 0.000010 0.000010 0.000010 0.129371 0.682417 0.091873 0.090567
0.000010 0.000010 0.000010 0.000010 0.000010 0.000010 0.050698 0.892305 0.056927 0.000010
0.000010 0.000010 0.000010 0.000010 0.000010 0.000010 0.200937 0.798983 0.000010 0.000010
0.000010 0.000010 0.000010 0.000010 0.074324 0.000010 0.046600 0.600592 0.000010 0.278424
0.000010 0.000010 0.047133 0.002464 0.000010 0.000010 0.000010 0.926894 0.023449 0.000010
0.000010 0.000010 0.000013 0.000010 0.001561 0.000010 0.000010 0.998356 0.000010 0.000010
0.000010 0.000010 0.009416 0.000010 0.000010 0.000010 0.000010 0.990504 0.000010 0.000010
0.000010 0.000010 0.044521 0.000010 0.001272 0.000010 0.000010 0.850585 0.030532 0.073040
0.000010 0.000010 0.000010 0.000010 0.000010 0.000010 0.000010 0.999910 0.000010 0.000010
0.027975 0.000010 0.003310 0.000010 0.000010 0.000010 0.000010 0.877741 0.000010 0.090914
0.068134 0.000010 0.000010 0.000010 0.000010 0.000010 0.000010 0.741946 0.042506 0.147354
0.000010 0.000010 0.000010 0.000010 0.000010 0.000010 0.000010 0.999910 0.000010 0.000010
0.000010 0.000010 0.000010 0.000010 0.000010 0.000010 0.000010 0.742072 0.000010 0.257848
0.058213 0.000010 0.008337 0.000010 0.033221 0.000010 0.125505 0.311866 0.075382 0.387447
0.115444 0.000010 0.000010 0.000010 0.000010 0.000010 0.000010 0.571188 0.111630 0.201678
0.237453 0.000010 0.024891 0.000010 0.000010 0.000010 0.000010 0.648960 0.088636 0.000010
0.127691 0.000010 0.000010 0.000010 0.000010 0.000010 0.000010 0.548947 0.012119 0.311182
0.174202 0.000010 0.008438 0.000010 0.000010 0.000010 0.000010 0.785260 0.032041 0.000010
0.073121 0.000010 0.000010 0.040431 0.082248 0.000010 0.203236 0.488600 0.000010 0.112324
0.171363 0.000010 0.008546 0.000010 0.091141 0.000010 0.325514 0.025320 0.130145 0.247941
0.133178 0.001339 0.000010 0.043718 0.116393 0.000010 0.227382 0.283531 0.071961 0.122478
0.040860 0.000010 0.000010 0.000010 0.039495 0.000010 0.143047 0.575703 0.048516 0.152339
0.031215 0.000010 0.000010 0.000010 0.074588 0.000010 0.000010 0.450810 0.058581 0.384758
0.068073 0.000010 0.000010 0.000010 0.005346 0.000010 0.000010 0.000010 0.132931 0.793591
0.000010 0.000010 0.000010 0.000010 0.000010 0.000010 0.000010 0.000010 0.274010 0.725910
0.000010 0.000010 0.000010 0.000010 0.000010 0.000010 0.000010 0.000010 0.188657 0.811263
0.000010 0.000010 0.000010 0.010232 0.056802 0.000010 0.225068 0.000010 0.173965 0.533883
0.044953 0.000010 0.000010 0.000010 0.007774 0.000010 0.011690 0.047421 0.127694 0.760428
