0.000010 0.999960 0.000010 0.000010 0.000010
0.029332 0.949673 0.020975 0.000010 0.000010
0.000010 0.967981 0.031989 0.000010 0.000010
0.058785 0.910060 0.031134 0.000010 0.000010
0.000010 0.954343 0.045627 0.000010 0.000010
0.000010 0.935059 0.064911 0.000010 0.000010
0.000010 0.999960 0.000010 0.000010 0.000010
0.000010 0.948551 0.051419 0.000010 0.000010
0.073124 0.895745 0.031111 0.000010 0.000010
0.000010 0.999960 0.000010 0.000010 0.000010
0.000010 0.884781 0.115189 0.000010 0.000010
0.035238 0.964732 0.000010 0.000010 0.000010
0.026385 0.973585 0.000010 0.000010 0.000010
0.000010 0.990593 0.009377 0.000010 0.000010
0.000010 0.965764 0.034206 0.000010 0.000010
0.058137 0.910085 0.031750 0.000018 0.000010
0.000010 0.999960 0.000010 0.000010 0.000010
0.012263 0.937197 0.043658 0.000010 0.006873
0.000010 0.988667 0.011303 0.000010 0.000010
0.000010 0.960116 0.039854 0.000010 0.000010
0.000010 0.999960 0.000010 0.000010 0.000010
0.000010 0.999960 0.000010 0.000010 0.000010
0.000010 0.944522 0.055448 0.000010 0.000010
0.000010 0.949559 0.050411 0.000010 0.000010
0.000010 0.999960 0.000010 0.000010 0.000010
0.000010 0.897581 0.102389 0.000010 0.000010
0.000010 0.999960 0.000010 0.000010 0.000010
0.000010 0.976351 0.023619 0.000010 0.000010
0.031157 0.967785 0.001038 0.000010 0.000010
0.000010 0.996906 0.003064 0.000010 0.000010
0.000010 0.982228 0.017742 0.000010 0.000010
0.000010 0.999960 0.000010 0.000010 0.000010
0.000010 0.985615 0.014355 0.000010 0.000010
0.047610 0.952360 0.000010 0.000010 0.000010
0.000010 0.963639 0.036331 0.000010 0.000010
0.000010 0.999960 0.000010 0.000010 0.000010
0.000010 0.999960 0.000010 0.000010 0.000010
0.067885 0.932085 0.000010 0.000010 0.000010
0.031816 0.958046 0.010118 0.000010 0.000010
0.000010 0.999960 0.000010 0.000010 0.000010
0.000010 0.969131 0.030839 0.000010 0.000010
0.046053 0.929466 0.024461 0.000010 0.000010
0.054663 0.937859 0.007458 0.000010 0.000010
0.000010 0.988639 0.011331 0.000010 0.000010
0.000010 0.999960 0.000010 0.000010 0.000010
0.000010 0.946727 0.053243 0.000010 0.000010
0.000010 0.936176 0.063794 0.000010 0.000010
0.000010 0.999960 0.000010 0.000010 0.000010
0.000010 0.999960 0.000010 0.000010 0.000010
0.000010 0.959210 0.040760 0.000010 0.000010
0.000010 0.969520 0.030450 0.000010 0.000010
0.000010 0.947150 0.045698 0.000010 0.007133
0.000010 0.999960 0.000010 0.000010 0.000010
0.000010 0.999960 0.000010 0.000010 0.000010
0.000010 0.974476 0.025494 0.000010 0.000010
0.000010 0.984925 0.015045 0.000010 0.000010
0.000010 0.996821 0.003149 0.000010 0.000010
0.000010 0.999960 0.000010 0.000010 0.000010
0.000010 0.999960 0.000010 0.000010 0.000010
0.000010 0.999960 0.000010 0.000010 0.000010
0.000010 0.942065 0.057905 0.000010 0.000010
0.000010 0.999960 0.000010 0.000010 0.000010
0.000010 0.975105 0.024865 0.000010 0.000010
0.000010 0.967138 0.032832 0.000010 0.000010
0.076745 0.898524 0.024711 0.000010 0.000010
0.124927 0.810541 0.064512 0.000010 0.000010
0.021848 0.911273 0.066859 0.000010 0.000010
0.093211 0.871347 0.035422 0.000010 0.000010
0.193038 0.767112 0.039831 0.000010 0.000010
0.056784 0.917205 0.025991 0.000010 0.000010
0.113083 0.860706 0.026191 0.000010 0.000010
0.068080 0.859833 0.072067 0.000010 0.000010
0.000010 0.961240 0.038730 0.000010 0.000010
0.049056 0.908886 0.042037 0.000010 0.000010
0.089065 0.825664 0.085251 0.000010 0.000010
0.121485 0.836010 0.042484 0.000010 0.000010
0.072342 0.862429 0.065209 0.000010 0.000010
0.000010 0.931753 0.068217 0.000010 0.000010
0.000010 0.927502 0.072468 0.000010 0.000010
0.019324 0.914871 0.065786 0.000010 0.000010
0.065317 0.929111 0.005552 0.000010 0.000010
0.000010 0.999960 0.000010 0.000010 0.000010
0.031921 0.968049 0.000010 0.000010 0.000010
0.000010 0.939967 0.060003 0.000010 0.000010
0.000010 0.999960 0.000010 0.000010 0.000010
0.000010 0.999960 0.000010 0.000010 0.000010
0.000010 0.984914 0.015056 0.000010 0.000010
0.000010 0.970992 0.024003 0.000010 0.004985
0.050254 0.949716 0.000010 0.000010 0.000010
0.025426 0.944887 0.029666 0.000010 0.000010
0.022607 0.973083 0.000010 0.000010 0.004290
0.000010 0.979423 0.020547 0.000010 0.000010
0.007409 0.992561 0.000010 0.000010 0.000010
0.000010 0.986610 0.013360 0.000010 0.000010
0.000010 0.999960 0.000010 0.000010 0.000010
0.000010 0.920360 0.079610 0.000010 0.000010
0.000010 0.937479 0.062491 0.000010 0.000010
0.000010 0.952528 0.047442 0.000010 0.000010
0.044628 0.931451 0.023900 0.000010 0.000010
0.000010 0.952147 0.047823 0.000010 0.000010
0.000010 0.973554 0.026416 0.000010 0.000010
0.000010 0.973850 0.026120 0.000010 0.000010
0.000010 0.999960 0.000010 0.000010 0.000010
0.000010 0.940031 0.059939 0.000010 0.000010
0.000010 0.999960 0.000010 0.000010 0.000010
0.024036 0.962179 0.013766 0.000010 0.000010
0.000010 0.999960 0.000010 0.000010 0.000010
0.000010 0.999960 0.000010 0.000010 0.000010
0.000010 0.947633 0.047564 0.000010 0.004783
0.000010 0.958129 0.041841 0.000010 0.000010
0.023589 0.974707 0.001684 0.000010 0.000010
0.000010 0.985808 0.014162 0.000010 0.000010
0.000010 0.999960 0.000010 0.000010 0.000010
0.000010 0.999960 0.000010 0.000010 0.000010
0.000010 0.999960 0.000010 0.000010 0.000010
0.070882 0.929088 0.000010 0.000010 0.000010
0.121733 0.878237 0.000010 0.000010 0.000010
0.078732 0.921238 0.000010 0.000010 0.000010
0.140390 0.825217 0.034373 0.000010 0.000010
0.124406 0.826981 0.048592 0.000010 0.000010
0.034165 0.879613 0.086202 0.000010 0.000010
0.084788 0.845586 0.069606 0.000010 0.000010
0.043286 0.897736 0.050916 0.000010 0.008052
0.056345 0.943625 0.000010 0.000010 0.000010
0.048064 0.951906 0.000010 0.000010 0.000010
0.054173 0.893200 0.052607 0.000010 0.000010
0.000010 0.937954 0.062016 0.000010 0.000010
0.054375 0.925243 0.020362 0.000010 0.000010
0.000010 0.946037 0.053933 0.000010 0.000010
0.155148 0.841036 0.003796 0.000010 0.000010
0.057238 0.861921 0.080821 0.000010 0.000010
0.038998 0.873862 0.087120 0.000010 0.000010
0.026389 0.925897 0.047695 0.000010 0.000010
0.032209 0.929615 0.038156 0.000010 0.000010
0.081616 0.850685 0.067679 0.000010 0.000010
0.098851 0.829943 0.071186 0.000010 0.000010
0.000010 0.999960 0.000010 0.000010 0.000010
0.000010 0.878337 0.121633 0.000010 0.000010
0.124520 0.856763 0.018696 0.000010 0.000010
0.044027 0.955943 0.000010 0.000010 0.000010
0.063685 0.919114 0.017181 0.000010 0.000010
0.020594 0.860164 0.119222 0.000010 0.000010
0.075578 0.882761 0.041641 0.000010 0.000010
0.070322 0.872523 0.050757 0.006388 0.000010
0.079917 0.860594 0.059469 0.000010 0.000010
0.072205 0.859789 0.067986 0.000010 0.000010
0.004762 0.944349 0.050869 0.000010 0.000010
0.068381 0.836419 0.095180 0.000010 0.000010
0.033143 0.875254 0.091583 0.000010 0.000010
0.088323 0.876122 0.035535 0.000010 0.000010
0.124551 0.821288 0.054141 0.000010 0.000010
0.054806 0.945164 0.000010 0.000010 0.000010
0.000010 0.884285 0.115685 0.000010 0.000010
0.081174 0.796516 0.122290 0.000010 0.000010
0.113739 0.878936 0.007304 0.000010 0.000010
0.042840 0.957130 0.000010 0.000010 0.000010
0.044185 0.936068 0.019727 0.000010 0.000010
0.021775 0.923507 0.054698 0.000010 0.000010
0.016861 0.912391 0.070728 0.000010 0.000010
0.000010 0.949880 0.050090 0.000010 0.000010
0.055771 0.898377 0.045832 0.000010 0.000010
0.000010 0.942041 0.051775 0.006163 0.000010
0.102544 0.798570 0.098866 0.000010 0.000010
0.005126 0.946997 0.047856 0.000010 0.000010
0.046668 0.947449 0.005863 0.000010 0.000010
0.031558 0.931115 0.037307 0.000010 0.000010
0.028256 0.933445 0.038279 0.000010 0.000010
0.000010 0.881785 0.118185 0.000010 0.000010
0.000010 0.981016 0.018954 0.000010 0.000010
0.013958 0.937214 0.048808 0.000010 0.000010
0.036752 0.897609 0.065619 0.000010 0.000010
0.000010 0.962541 0.037429 0.000010 0.000010
0.090390 0.898310 0.011280 0.000010 0.000010
0.046058 0.919241 0.034681 0.000010 0.000010
0.102781 0.816188 0.081011 0.000010 0.000010
0.050369 0.894510 0.055100 0.000010 0.000010
0.065497 0.934473 0.000010 0.000010 0.000010
0.047487 0.871393 0.081100 0.000010 0.000010
0.020044 0.912902 0.067034 0.000010 0.000010
0.000010 0.910715 0.089255 0.000010 0.000010
0.000010 0.927245 0.072725 0.000010 0.000010
0.014096 0.870631 0.115253 0.000010 0.000010
0.024337 0.895570 0.080072 0.000010 0.000010
0.085864 0.886194 0.027922 0.000010 0.000010
0.013382 0.910264 0.073860 0.002483 0.000010
0.090082 0.844131 0.065767 0.000010 0.000010
0.128038 0.851389 0.020553 0.000010 0.000010
0.076458 0.805936 0.111230 0.000010 0.006366
0.054978 0.838163 0.106840 0.000010 0.000010
0.000010 0.979900 0.020070 0.000010 0.000010
0.117945 0.788101 0.093934 0.000010 0.000010
0.069786 0.857307 0.072887 0.000010 0.000010
0.000010 0.981218 0.018752 0.000010 0.000010
0.000010 0.989049 0.010921 0.000010 0.000010
0.039773 0.949449 0.010758 0.000010 0.000010
0.058607 0.886711 0.054662 0.000010 0.000010
0.045968 0.887198 0.066814 0.000010 0.000010
0.000010 0.894336 0.105634 0.000010 0.000010
0.999960 0.000010 0.000010 0.000010 0.000010
0.999960 0.000010 0.000010 0.000010 0.000010
0.999960 0.000010 0.000010 0.000010 0.000010
0.999960 0.000010 0.000010 0.000010 0.000010
0.999960 0.000010 0.000010 0.000010 0.000010
0.999960 0.000010 0.000010 0.000010 0.000010
0.999960 0.000010 0.000010 0.000010 0.000010
0.988004 0.011966 0.000010 0.000010 0.000010
0.999960 0.000010 0.000010 0.000010 0.000010
0.999960 0.000010 0.000010 0.000010 0.000010
0.999960 0.000010 0.000010 0.000010 0.000010
0.999960 0.000010 0.000010 0.000010 0.000010
0.971015 0.000010 0.028955 0.000010 0.000010
0.958934 0.000010 0.041036 0.000010 0.000010
0.977802 0.000010 0.022168 0.000010 0.000010
0.999960 0.000010 0.000010 0.000010 0.000010
0.993580 0.000010 0.006390 0.000010 0.000010
0.956958 0.000010 0.043012 0.000010 0.000010
0.999960 0.000010 0.000010 0.000010 0.000010
0.999960 0.000010 0.000010 0.000010 0.000010
0.999960 0.000010 0.000010 0.000010 0.000010
0.999960 0.000010 0.000010 0.000010 0.000010
0.950000 0.000010 0.049970 0.000010 0.000010
0.935336 0.000010 0.064634 0.000010 0.000010
0.988718 0.000010 0.011252 0.000010 0.000010
0.985446 0.000010 0.009746 0.004788 0.000010
0.999960 0.000010 0.000010 0.000010 0.000010
0.999960 0.000010 0.000010 0.000010 0.000010
0.999960 0.000010 0.000010 0.000010 0.000010
0.989787 0.000010 0.010183 0.000010 0.000010
0.999960 0.000010 0.000010 0.000010 0.000010
0.999566 0.000010 0.000404 0.000010 0.000010
0.999960 0.000010 0.000010 0.000010 0.000010
0.999960 0.000010 0.000010 0.000010 0.000010
0.999960 0.000010 0.000010 0.000010 0.000010
0.999960 0.000010 0.000010 0.000010 0.000010
0.999959 0.000010 0.000011 0.000010 0.000010
0.999960 0.000010 0.000010 0.000010 0.000010
0.999960 0.000010 0.000010 0.000010 0.000010
0.984461 0.000010 0.015509 0.000010 0.000010
0.999960 0.000010 0.000010 0.000010 0.000010
0.999960 0.000010 0.000010 0.000010 0.000010
0.999960 0.000010 0.000010 0.000010 0.000010
0.999960 0.000010 0.000010 0.000010 0.000010
0.988230 0.000010 0.011740 0.000010 0.000010
0.976988 0.000010 0.022982 0.000010 0.000010
0.999960 0.000010 0.000010 0.000010 0.000010
0.977436 0.000014 0.022531 0.000010 0.000010
0.999960 0.000010 0.000010 0.000010 0.000010
0.999960 0.000010 0.000010 0.000010 0.000010
0.999959 0.000010 0.000011 0.000010 0.000010
0.999960 0.000010 0.000010 0.000010 0.000010
0.999960 0.000010 0.000010 0.000010 0.000010
0.999960 0.000010 0.000010 0.000010 0.000010
0.978126 0.021844 0.000010 0.000010 0.000010
0.983875 0.016095 0.000010 0.000010 0.000010
0.967938 0.032032 0.000010 0.000010 0.000010
0.987852 0.012118 0.000010 0.000010 0.000010
0.999960 0.000010 0.000010 0.000010 0.000010
0.999960 0.000010 0.000010 0.000010 0.000010
0.999960 0.000010 0.000010 0.000010 0.000010
0.999960 0.000010 0.000010 0.000010 0.000010
0.999960 0.000010 0.000010 0.000010 0.000010
0.984149 0.000010 0.015821 0.000010 0.000010
0.999951 0.000010 0.000010 0.000019 0.000010
0.999960 0.000010 0.000010 0.000010 0.000010
0.012514 0.712668 0.218119 0.000010 0.056689
0.000010 0.893275 0.000010 0.022611 0.084094
0.000010 0.521016 0.309517 0.169447 0.000010
0.115410 0.775457 0.067837 0.018677 0.022619
0.083261 0.628656 0.189568 0.098504 0.000010
0.999960 0.000010 0.000010 0.000010 0.000010
0.999960 0.000010 0.000010 0.000010 0.000010
0.996667 0.000010 0.003303 0.000010 0.000010
0.999960 0.000010 0.000010 0.000010 0.000010
0.999960 0.000010 0.000010 0.000010 0.000010
0.999960 0.000010 0.000010 0.000010 0.000010
0.999960 0.000010 0.000010 0.000010 0.000010
0.971324 0.000010 0.028646 0.000010 0.000010
0.999960 0.000010 0.000010 0.000010 0.000010
0.984371 0.000010 0.015599 0.000010 0.000010
0.999960 0.000010 0.000010 0.000010 0.000010
0.996844 0.000010 0.003126 0.000010 0.000010
0.999960 0.000010 0.000010 0.000010 0.000010
0.982949 0.000010 0.017021 0.000010 0.000010
0.982181 0.000010 0.017789 0.000010 0.000010
0.995226 0.000010 0.000010 0.000010 0.004744
0.956771 0.000010 0.043199 0.000010 0.000010
0.999960 0.000010 0.000010 0.000010 0.000010
0.999960 0.000010 0.000010 0.000010 0.000010
0.985551 0.000010 0.014419 0.000010 0.000010
0.999960 0.000010 0.000010 0.000010 0.000010
0.931145 0.022273 0.044651 0.000010 0.001922
0.999960 0.000010 0.000010 0.000010 0.000010
0.999960 0.000010 0.000010 0.000010 0.000010
0.999960 0.000010 0.000010 0.000010 0.000010
0.999960 0.000010 0.000010 0.000010 0.000010
0.999951 0.000010 0.000019 0.000010 0.000010
0.999960 0.000010 0.000010 0.000010 0.000010
0.999960 0.000010 0.000010 0.000010 0.000010
0.999960 0.000010 0.000010 0.000010 0.000010
0.951505 0.000010 0.048465 0.000010 0.000010
0.985509 0.000010 0.014461 0.000010 0.000010
0.974254 0.000010 0.025716 0.000010 0.000010
0.999960 0.000010 0.000010 0.000010 0.000010
0.999960 0.000010 0.000010 0.000010 0.000010
0.999956 0.000010 0.000010 0.000014 0.000010
0.999960 0.000010 0.000010 0.000010 0.000010
0.999960 0.000010 0.000010 0.000010 0.000010
0.999960 0.000010 0.000010 0.000010 0.000010
0.932193 0.000010 0.067777 0.000010 0.000010
0.999960 0.000010 0.000010 0.000010 0.000010
0.976762 0.000010 0.023208 0.000010 0.000010
0.987525 0.000010 0.012445 0.000010 0.000010
0.999960 0.000010 0.000010 0.000010 0.000010
0.999960 0.000010 0.000010 0.000010 0.000010
0.999960 0.000010 0.000010 0.000010 0.000010
0.999960 0.000010 0.000010 0.000010 0.000010
0.999960 0.000010 0.000010 0.000010 0.000010
0.107176 0.611530 0.138848 0.142436 0.000010
0.000010 0.753874 0.041643 0.204464 0.000010
0.052902 0.690898 0.107211 0.148979 0.000010
0.100393 0.769587 0.109754 0.000010 0.020255
0.081510 0.627791 0.227182 0.021327 0.042190
0.064803 0.617863 0.274977 0.004302 0.038055
0.999960 0.000010 0.000010 0.000010 0.000010
0.999960 0.000010 0.000010 0.000010 0.000010
0.999960 0.000010 0.000010 0.000010 0.000010
0.999960 0.000010 0.000010 0.000010 0.000010
0.999960 0.000010 0.000010 0.000010 0.000010
0.999960 0.000010 0.000010 0.000010 0.000010
0.999960 0.000010 0.000010 0.000010 0.000010
0.999960 0.000010 0.000010 0.000010 0.000010
0.999960 0.000010 0.000010 0.000010 0.000010
0.999960 0.000010 0.000010 0.000010 0.000010
0.999960 0.000010 0.000010 0.000010 0.000010
0.999960 0.000010 0.000010 0.000010 0.000010
0.999960 0.000010 0.000010 0.000010 0.000010
0.999960 0.000010 0.000010 0.000010 0.000010
0.999960 0.000010 0.000010 0.000010 0.000010
0.970289 0.000010 0.029681 0.000010 0.000010
0.995322 0.000010 0.004648 0.000010 0.000010
0.988783 0.000010 0.011187 0.000010 0.000010
0.973963 0.000010 0.026007 0.000010 0.000010
0.992038 0.000010 0.007932 0.000010 0.000010
0.967669 0.000010 0.032301 0.000010 0.000010
0.999960 0.000010 0.000010 0.000010 0.000010
0.964830 0.000010 0.035140 0.000010 0.000010
0.999960 0.000010 0.000010 0.000010 0.000010
0.999960 0.000010 0.000010 0.000010 0.000010
0.999960 0.000010 0.000010 0.000010 0.000010
0.999960 0.000010 0.000010 0.000010 0.000010
0.981714 0.018256 0.000010 0.000010 0.000010
0.999960 0.000010 0.000010 0.000010 0.000010
0.999960 0.000010 0.000010 0.000010 0.000010
0.955745 0.000010 0.044225 0.000010 0.000010
0.998909 0.000010 0.001061 0.000010 0.000010
0.969594 0.000010 0.030376 0.000010 0.000010
0.999960 0.000010 0.000010 0.000010 0.000010
0.997642 0.000010 0.002328 0.000010 0.000010
0.999960 0.000010 0.000010 0.000010 0.000010
0.999960 0.000010 0.000010 0.000010 0.000010
0.999960 0.000010 0.000010 0.000010 0.000010
0.999960 0.000010 0.000010 0.000010 0.000010
0.000010 0.888167 0.096409 0.015404 0.000010
0.084035 0.686632 0.198451 0.000010 0.030872
0.000010 0.785096 0.190393 0.000010 0.024491
0.011368 0.509621 0.324595 0.093057 0.061360
0.000010 0.649218 0.244474 0.048513 0.057785
0.000010 0.819698 0.180272 0.000010 0.000010
0.000010 0.752328 0.136507 0.003781 0.107374
0.000010 0.731072 0.162190 0.015987 0.090741
0.000010 0.788564 0.211406 0.000010 0.000010
0.000010 0.537185 0.357465 0.097152 0.008189
0.000010 0.678716 0.278259 0.000010 0.043005
0.977600 0.000010 0.022370 0.000010 0.000010
0.999951 0.000019 0.000010 0.000010 0.000010
0.999960 0.000010 0.000010 0.000010 0.000010
0.999960 0.000010 0.000010 0.000010 0.000010
0.989056 0.010914 0.000010 0.000010 0.000010
0.980523 0.008856 0.010601 0.000010 0.000010
0.973769 0.000010 0.026201 0.000010 0.000010
0.999960 0.000010 0.000010 0.000010 0.000010
0.999960 0.000010 0.000010 0.000010 0.000010
0.999960 0.000010 0.000010 0.000010 0.000010
0.999960 0.000010 0.000010 0.000010 0.000010
0.992676 0.000010 0.007294 0.000010 0.000010
0.999960 0.000010 0.000010 0.000010 0.000010
0.988824 0.011146 0.000010 0.000010 0.000010
0.999960 0.000010 0.000010 0.000010 0.000010
0.967306 0.000010 0.032664 0.000010 0.000010
0.999960 0.000010 0.000010 0.000010 0.000010
0.000010 0.780156 0.124700 0.026685 0.068449
0.022717 0.810160 0.096649 0.029785 0.040690
0.000010 0.511675 0.222848 0.194017 0.071449
0.000010 0.647708 0.219031 0.042340 0.090911
0.024720 0.512391 0.279686 0.172482 0.010720
0.000010 0.578892 0.169485 0.146524 0.105089
0.008795 0.436329 0.290352 0.208492 0.056033
0.000010 0.700813 0.180207 0.000010 0.118960
0.000010 0.562991 0.186237 0.138740 0.112022
0.000010 0.721558 0.110591 0.080229 0.087613
0.044904 0.832584 0.085342 0.022297 0.014874
0.037970 0.576066 0.243539 0.071700 0.070725
0.009563 0.759511 0.139823 0.050143 0.040960
0.038407 0.634045 0.258590 0.068948 0.000010
0.036106 0.664396 0.180954 0.118534 0.000010
0.000010 0.713694 0.188084 0.096623 0.001589
0.000010 0.819770 0.135596 0.044614 0.000010
0.000010 0.787906 0.150308 0.061766 0.000010
0.000010 0.858909 0.130684 0.010386 0.000010
0.000010 0.731783 0.238747 0.029450 0.000010
0.002412 0.876336 0.053496 0.017371 0.050385
0.038499 0.839492 0.069816 0.037419 0.014774
0.000010 0.848544 0.091232 0.000010 0.060203
0.000010 0.756521 0.174359 0.000010 0.069099
0.009940 0.505411 0.365199 0.076040 0.043411
0.000010 0.704919 0.236649 0.023318 0.035105
0.051696 0.613633 0.143078 0.191582 0.000010
0.048328 0.543708 0.221932 0.148757 0.037275
0.045092 0.458297 0.152932 0.337798 0.005881
0.002684 0.688476 0.093735 0.079630 0.135475
0.011810 0.603912 0.223959 0.067622 0.092697
0.000010 0.698980 0.147678 0.071413 0.081919
0.000010 0.692285 0.163967 0.119181 0.024557
0.000010 0.671437 0.198356 0.130186 0.000010
0.010580 0.678366 0.147465 0.163580 0.000010
0.078544 0.798735 0.039722 0.010927 0.072072
0.000010 0.716613 0.184893 0.098474 0.000010
0.057378 0.684359 0.142463 0.080897 0.034903
0.000010 0.875956 0.057880 0.000010 0.066143
0.000010 0.654529 0.096723 0.196041 0.052697
0.000010 0.727423 0.209134 0.000010 0.063423
0.000010 0.744975 0.197119 0.011196 0.046700
0.005886 0.886147 0.065249 0.000010 0.042708
0.009978 0.807674 0.102503 0.000010 0.079834
0.009262 0.563054 0.040162 0.387512 0.000010
0.039007 0.436156 0.130138 0.206774 0.187926
0.065500 0.479486 0.084232 0.300472 0.070311
0.000010 0.628517 0.109515 0.041565 0.220394
0.042624 0.749374 0.103099 0.104892 0.000010
0.034406 0.845137 0.098836 0.000010 0.021611
0.157401 0.668547 0.174031 0.000010 0.000010
0.073595 0.776814 0.140715 0.000010 0.008865
0.000010 0.546472 0.155646 0.297665 0.000207
0.000010 0.841982 0.119118 0.020721 0.018169
0.000010 0.724599 0.081640 0.192116 0.001635
0.071683 0.753081 0.154439 0.000010 0.020787
0.072076 0.665837 0.053688 0.155267 0.053132
0.144970 0.607389 0.073901 0.124981 0.048759
0.000010 0.658217 0.247038 0.000010 0.094725
0.021704 0.554915 0.423361 0.000010 0.000010
0.000010 0.634856 0.297410 0.000010 0.067713
0.019396 0.576531 0.287316 0.054938 0.061818
0.051928 0.725571 0.192901 0.029590 0.000010
0.050324 0.690949 0.223278 0.000010 0.035439
0.000010 0.703528 0.102085 0.165586 0.028790
0.017382 0.284131 0.543437 0.040193 0.114856
0.000010 0.569443 0.310263 0.101481 0.018803
0.000010 0.445359 0.347959 0.079770 0.126902
0.000010 0.881251 0.087192 0.000010 0.031537
0.040815 0.670428 0.233160 0.018888 0.036708
0.078002 0.660098 0.175585 0.025280 0.061035
0.000010 0.582597 0.120267 0.167282 0.129845
0.005895 0.581255 0.089102 0.171479 0.152269
0.035974 0.789660 0.124682 0.000010 0.049674
0.042330 0.775099 0.124492 0.058069 0.000010
0.059155 0.668764 0.195889 0.047203 0.028989
0.000010 0.728485 0.128871 0.000010 0.142625
0.168615 0.505388 0.201480 0.000010 0.124507
0.120271 0.620113 0.080871 0.000010 0.178735
0.000010 0.764219 0.041747 0.075556 0.118468
0.034405 0.581440 0.140896 0.223489 0.019771
0.028030 0.670498 0.178719 0.117458 0.005296
0.065650 0.684080 0.067091 0.169919 0.013259
0.000010 0.579121 0.340562 0.029759 0.050548
0.000010 0.683138 0.185478 0.118357 0.013017
0.000010 0.639312 0.273036 0.067579 0.020063
0.011173 0.578808 0.282262 0.088372 0.039385
0.000010 0.683959 0.284942 0.031079 0.000010
0.002204 0.753484 0.204328 0.039974 0.000010
0.000010 0.755998 0.243972 0.000010 0.000010
0.000010 0.508098 0.106419 0.182370 0.203103
0.000010 0.655370 0.149452 0.000010 0.195158
0.036917 0.674769 0.162871 0.125432 0.000010
0.000010 0.647421 0.244181 0.108378 0.000010
0.000010 0.738066 0.124917 0.136997 0.000010
0.000010 0.180053 0.192395 0.339282 0.288260
0.013975 0.406494 0.080931 0.344100 0.154501
0.000010 0.318197 0.128153 0.288412 0.265228
0.049620 0.711313 0.153973 0.057464 0.027631
0.000010 0.896553 0.048948 0.000010 0.054480
0.000010 0.632790 0.138716 0.130936 0.097548
0.039052 0.484172 0.383956 0.000010 0.092810
0.000010 0.720504 0.275367 0.000010 0.004109
0.000010 0.633291 0.296030 0.000010 0.070659
0.031008 0.729262 0.204378 0.018133 0.017219
0.052562 0.641416 0.207194 0.000010 0.098818
0.000010 0.727148 0.221080 0.000010 0.051752
0.033785 0.750613 0.215582 0.000010 0.000010
0.000010 0.652541 0.347429 0.000010 0.000010
0.041874 0.749580 0.208525 0.000010 0.000010
0.068431 0.750259 0.122578 0.058722 0.000010
0.042414 0.487702 0.228995 0.240880 0.000010
0.077402 0.583530 0.182686 0.156372 0.000010
0.000010 0.616291 0.263934 0.081143 0.038622
0.000010 0.564761 0.227782 0.172284 0.035163
0.000010 0.493435 0.243315 0.180209 0.083031
0.120163 0.682695 0.119049 0.000010 0.078083
0.036294 0.852540 0.111146 0.000010 0.000010
0.148222 0.695159 0.089793 0.000010 0.066816
0.019912 0.649267 0.330801 0.000010 0.000010
0.011405 0.578765 0.355431 0.000010 0.054389
0.011869 0.589998 0.350098 0.017007 0.031027
0.017467 0.859068 0.001101 0.082932 0.039431
0.000010 0.751009 0.000010 0.056534 0.192437
0.120502 0.655254 0.170135 0.054099 0.000010
0.000010 0.624205 0.229787 0.083402 0.062596
0.000010 0.978621 0.021349 0.000010 0.000010
0.000010 0.195269 0.804701 0.000010 0.000010
0.029627 0.442219 0.269933 0.032984 0.225236
0.008660 0.233866 0.638280 0.020468 0.098726
0.068023 0.482459 0.449498 0.000010 0.000010
0.000010 0.741124 0.206487 0.000010 0.052369
0.010019 0.551928 0.397327 0.000010 0.040717
0.000010 0.732137 0.267833 0.000010 0.000010
0.052223 0.375596 0.558599 0.013572 0.000010
0.000010 0.619671 0.380299 0.000010 0.000010
0.026568 0.551210 0.367329 0.045587 0.009306
0.000010 0.619577 0.349014 0.013250 0.018149
0.000010 0.669592 0.267724 0.062664 0.000010
0.000010 0.762063 0.237907 0.000010 0.000010
0.059910 0.780711 0.151096 0.000010 0.008273
0.008469 0.768175 0.223335 0.000010 0.000010
0.004469 0.754723 0.201635 0.039164 0.000010
0.000010 0.651151 0.348819 0.000010 0.000010
0.000010 0.701428 0.270406 0.028146 0.000010
0.024063 0.839845 0.096161 0.039921 0.000010
0.000010 0.661894 0.280344 0.049346 0.008406
0.000010 0.756536 0.192611 0.041640 0.009202
0.045486 0.312670 0.470426 0.171408 0.000010
0.049461 0.586772 0.256441 0.107317 0.000010
0.016848 0.506918 0.252867 0.223357 0.000010
0.001588 0.853870 0.144521 0.000010 0.000010
0.000010 0.593590 0.289315 0.113362 0.003724
0.000010 0.672346 0.254796 0.072838 0.000010
0.000010 0.671603 0.323807 0.004571 0.000010
0.000010 0.608612 0.348184 0.009282 0.033913
0.000010 0.672278 0.297666 0.000010 0.030036
0.000010 0.561474 0.438496 0.000010 0.000010
0.078210 0.783632 0.102416 0.000010 0.035732
0.000010 0.620439 0.377124 0.000010 0.002417
0.023151 0.812057 0.154584 0.010197 0.000010
0.000010 0.481838 0.289891 0.066174 0.162087
0.000010 0.707961 0.174251 0.017491 0.100287
0.028834 0.673697 0.178117 0.119343 0.000010
0.047350 0.781103 0.114615 0.013088 0.043844
0.000010 0.984211 0.007848 0.000010 0.007920
0.000010 0.910459 0.062316 0.008676 0.018538
0.000010 0.408013 0.328140 0.088208 0.175630
0.000010 0.804764 0.195206 0.000010 0.000010
0.000010 0.720152 0.267222 0.000010 0.012606
0.000010 0.522424 0.403444 0.074112 0.000010
0.065769 0.508045 0.361906 0.000010 0.064270
0.000010 0.318113 0.568922 0.083808 0.029147
0.032031 0.412817 0.338961 0.151293 0.064898
0.000010 0.378435 0.345204 0.266858 0.009493
0.000010 0.435720 0.238690 0.303965 0.021615
0.000010 0.486021 0.190314 0.151924 0.171731
0.008838 0.825627 0.164370 0.001155 0.000010
0.026017 0.492124 0.272927 0.000582 0.208350
0.000010 0.610582 0.146279 0.046962 0.196167
0.024803 0.852003 0.102403 0.020781 0.000010
0.000010 0.755758 0.075367 0.000010 0.168855
0.092236 0.811088 0.085926 0.000010 0.010740
0.000010 0.751056 0.248914 0.000010 0.000010
0.019912 0.853490 0.119309 0.000010 0.007279
0.026153 0.522852 0.350982 0.085320 0.014693
0.000010 0.321171 0.555597 0.123212 0.000010
0.045692 0.489509 0.348946 0.115842 0.000010
0.035276 0.522256 0.427826 0.000010 0.014631
0.000690 0.609040 0.390249 0.000010 0.000010
0.000010 0.546649 0.453321 0.000010 0.000010
0.035738 0.955390 0.008852 0.000010 0.000010
0.000010 0.976973 0.005605 0.017401 0.000010
0.008494 0.987985 0.000010 0.003501 0.000010
0.000010 0.994602 0.000010 0.000010 0.005368
0.000010 0.999161 0.000010 0.000809 0.000010
0.000010 0.999960 0.000010 0.000010 0.000010
0.000010 0.960946 0.016123 0.022911 0.000010
0.000010 0.999960 0.000010 0.000010 0.000010
0.000010 0.980897 0.019073 0.000010 0.000010
0.024416 0.937195 0.019044 0.000010 0.019335
0.000010 0.979675 0.000010 0.007830 0.012474
0.000010 0.999960 0.000010 0.000010 0.000010
0.013376 0.979698 0.006906 0.000010 0.000010
0.000010 0.995610 0.000010 0.004360 0.000010
0.000010 0.999960 0.000010 0.000010 0.000010
0.017999 0.981971 0.000010 0.000010 0.000010
0.000010 0.991891 0.008079 0.000010 0.000010
0.000010 0.999960 0.000010 0.000010 0.000010
0.000010 0.995435 0.004535 0.000010 0.000010
0.009896 0.951952 0.038131 0.000010 0.000010
0.005765 0.968327 0.025887 0.000010 0.000010
0.012775 0.971672 0.015532 0.000010 0.000010
0.030089 0.969881 0.000010 0.000010 0.000010
0.007171 0.983517 0.009292 0.000010 0.000010
0.000010 0.985972 0.000010 0.000010 0.013998
0.024289 0.951399 0.003634 0.000010 0.020668
0.044043 0.955927 0.000010 0.000010 0.000010
0.006100 0.924712 0.013476 0.055703 0.000010
0.010878 0.960106 0.007634 0.004566 0.016816
0.022261 0.946880 0.000010 0.000010 0.030838
0.000010 0.999960 0.000010 0.000010 0.000010
0.007256 0.988531 0.000010 0.000010 0.004192
0.002332 0.997638 0.000010 0.000010 0.000010
0.025428 0.969151 0.000010 0.005402 0.000010
0.035312 0.964658 0.000010 0.000010 0.000010
0.064153 0.935817 0.000010 0.000010 0.000010
0.009579 0.671062 0.245824 0.032017 0.041518
0.047914 0.315517 0.121093 0.446370 0.069106
0.068852 0.426471 0.175652 0.329015 0.000010
0.022751 0.720644 0.228319 0.000010 0.028276
0.003289 0.775754 0.205406 0.000010 0.015541
0.098157 0.102751 0.799072 0.000010 0.000010
0.000010 0.492662 0.507303 0.000015 0.000010
0.000010 0.279146 0.718370 0.000010 0.002464
0.002187 0.331707 0.666086 0.000010 0.000010
0.000010 0.053407 0.946563 0.000010 0.000010
0.000010 0.242279 0.757691 0.000010 0.000010
0.000010 0.326270 0.586627 0.061403 0.025689
0.000010 0.327588 0.664135 0.008257 0.000010
0.000010 0.248523 0.662684 0.076030 0.012753
0.974757 0.025213 0.000010 0.000010 0.000010
0.994071 0.000010 0.005899 0.000010 0.000010
0.999960 0.000010 0.000010 0.000010 0.000010
0.999960 0.000010 0.000010 0.000010 0.000010
0.963656 0.036314 0.000010 0.000010 0.000010
0.996662 0.003308 0.000010 0.000010 0.000010
0.000010 0.969438 0.000256 0.000010 0.030286
0.025273 0.947369 0.027338 0.000010 0.000010
0.000010 0.972255 0.000010 0.000010 0.027715
0.000010 0.999960 0.000010 0.000010 0.000010
0.015983 0.957186 0.010941 0.000010 0.015880
0.000010 0.999960 0.000010 0.000010 0.000010
0.000010 0.999960 0.000010 0.000010 0.000010
0.068949 0.903327 0.005280 0.000010 0.022435
0.019611 0.962383 0.017986 0.000010 0.000010
0.000010 0.978040 0.000010 0.000010 0.021930
0.000010 0.973813 0.000010 0.000010 0.026157
0.000010 0.953740 0.000010 0.000010 0.046230
0.000010 0.981021 0.018949 0.000010 0.000010
0.000010 0.997688 0.002282 0.000010 0.000010
0.000010 0.997457 0.002513 0.000010 0.000010
0.025458 0.974512 0.000010 0.000010 0.000010
0.011593 0.988377 0.000010 0.000010 0.000010
0.034879 0.965091 0.000010 0.000010 0.000010
0.000010 0.925628 0.043745 0.016411 0.014206
0.011209 0.982026 0.006745 0.000010 0.000010
0.001171 0.976592 0.000010 0.022217 0.000010
0.000010 0.941332 0.030308 0.000010 0.028340
0.000010 0.959597 0.030505 0.000010 0.009878
0.078220 0.882888 0.024416 0.000010 0.014465
0.000010 0.999960 0.000010 0.000010 0.000010
0.000010 0.989419 0.000010 0.010551 0.000010
0.014789 0.975678 0.006352 0.000010 0.003171
0.000010 0.944335 0.000010 0.000010 0.055635
0.000010 0.950813 0.000010 0.000010 0.049157
0.000010 0.973711 0.000010 0.000010 0.026259
0.000010 0.945980 0.035911 0.018089 0.000010
0.000010 0.980177 0.000010 0.000010 0.019793
0.000010 0.945452 0.036231 0.000010 0.018297
0.000010 0.967117 0.032853 0.000010 0.000010
0.000010 0.989148 0.000010 0.000010 0.010822
0.005222 0.987424 0.000010 0.000010 0.007335
0.028446 0.971524 0.000010 0.000010 0.000010
0.037548 0.902163 0.043265 0.017014 0.000010
0.000010 0.999960 0.000010 0.000010 0.000010
0.000010 0.999960 0.000010 0.000010 0.000010
0.023279 0.976691 0.000010 0.000010 0.000010
0.018572 0.981398 0.000010 0.000010 0.000010
0.000010 0.999960 0.000010 0.000010 0.000010
0.000010 0.999960 0.000010 0.000010 0.000010
0.000010 0.953646 0.033260 0.000010 0.013073
0.000010 0.949648 0.037318 0.000010 0.013014
0.000010 0.936217 0.048310 0.000010 0.015453
0.000010 0.951941 0.048029 0.000010 0.000010
0.000010 0.978543 0.021427 0.000010 0.000010
0.000010 0.999960 0.000010 0.000010 0.000010
0.012808 0.962749 0.000010 0.000010 0.024423
0.000010 0.984592 0.015378 0.000010 0.000010
0.032644 0.959836 0.007500 0.000010 0.000010
0.013446 0.874959 0.041549 0.029672 0.040374
0.015321 0.951929 0.000010 0.000010 0.032730
0.000010 0.931358 0.005741 0.000010 0.062882
0.008626 0.952169 0.000010 0.012673 0.026522
0.107775 0.849041 0.000509 0.030560 0.012115
0.044653 0.878650 0.015742 0.060945 0.000010
0.000010 0.999960 0.000010 0.000010 0.000010
0.000010 0.999960 0.000010 0.000010 0.000010
0.000010 0.999960 0.000010 0.000010 0.000010
0.044951 0.955019 0.000010 0.000010 0.000010
0.000010 0.999960 0.000010 0.000010 0.000010
0.000010 0.978511 0.010278 0.000010 0.011191
0.000010 0.994133 0.005837 0.000010 0.000010
0.000010 0.976351 0.000010 0.000010 0.023619
0.026665 0.961397 0.011918 0.000010 0.000010
0.000010 0.956371 0.025440 0.018169 0.000010
0.000010 0.986197 0.000010 0.000010 0.013773
0.000010 0.982044 0.000010 0.000010 0.017926
0.000010 0.978129 0.021841 0.000010 0.000010
0.015124 0.984846 0.000010 0.000010 0.000010
0.003126 0.996844 0.000010 0.000010 0.000010
0.008532 0.991438 0.000010 0.000010 0.000010
0.026562 0.973408 0.000010 0.000010 0.000010
0.000010 0.969638 0.005208 0.000010 0.025134
0.000010 0.999960 0.000010 0.000010 0.000010
0.000010 0.974770 0.000010 0.025200 0.000010
0.000010 0.977475 0.000010 0.022495 0.000010
0.059694 0.939680 0.000606 0.000010 0.000010
0.000010 0.999960 0.000010 0.000010 0.000010
0.000010 0.997837 0.002133 0.000010 0.000010
0.000010 0.999960 0.000010 0.000010 0.000010
0.000010 0.996005 0.003965 0.000010 0.000010
0.000010 0.995210 0.004760 0.000010 0.000010
0.000010 0.985022 0.000010 0.000010 0.014948
0.052360 0.935888 0.000010 0.000010 0.011733
0.000010 0.960463 0.016749 0.000010 0.022768
0.000010 0.999960 0.000010 0.000010 0.000010
0.000010 0.998087 0.001883 0.000010 0.000010
0.000010 0.999960 0.000010 0.000010 0.000010
0.000010 0.999960 0.000010 0.000010 0.000010
0.000062 0.999908 0.000010 0.000010 0.000010
0.000010 0.996182 0.000010 0.000010 0.003788
0.000010 0.999960 0.000010 0.000010 0.000010
0.000010 0.968079 0.031891 0.000010 0.000010
0.000010 0.999960 0.000010 0.000010 0.000010
0.976815 0.023155 0.000010 0.000010 0.000010
0.999960 0.000010 0.000010 0.000010 0.000010
0.981816 0.018154 0.000010 0.000010 0.000010
0.993425 0.000010 0.000010 0.000010 0.006544
0.999960 0.000010 0.000010 0.000010 0.000010
0.999960 0.000010 0.000010 0.000010 0.000010
0.999960 0.000010 0.000010 0.000010 0.000010
0.999960 0.000010 0.000010 0.000010 0.000010
0.999960 0.000010 0.000010 0.000010 0.000010
0.999960 0.000010 0.000010 0.000010 0.000010
0.999960 0.000010 0.000010 0.000010 0.000010
0.999960 0.000010 0.000010 0.000010 0.000010
0.999960 0.000010 0.000010 0.000010 0.000010
0.999960 0.000010 0.000010 0.000010 0.000010
0.999960 0.000010 0.000010 0.000010 0.000010
0.999960 0.000010 0.000010 0.000010 0.000010
0.967228 0.032742 0.000010 0.000010 0.000010
0.999168 0.000010 0.000802 0.000010 0.000010
0.999960 0.000010 0.000010 0.000010 0.000010
0.993418 0.000010 0.000010 0.000010 0.006552
0.999960 0.000010 0.000010 0.000010 0.000010
0.999960 0.000010 0.000010 0.000010 0.000010
0.999960 0.000010 0.000010 0.000010 0.000010
0.966557 0.033413 0.000010 0.000010 0.000010
0.988363 0.011607 0.000010 0.000010 0.000010
0.999960 0.000010 0.000010 0.000010 0.000010
0.942043 0.057927 0.000010 0.000010 0.000010
0.967933 0.013396 0.018652 0.000010 0.000010
0.999960 0.000010 0.000010 0.000010 0.000010
0.918375 0.027500 0.054105 0.000010 0.000010
0.991299 0.000010 0.008671 0.000010 0.000010
0.990092 0.009878 0.000010 0.000010 0.000010
0.965787 0.000010 0.034183 0.000010 0.000010
0.999960 0.000010 0.000010 0.000010 0.000010
0.974288 0.025682 0.000010 0.000010 0.000010
0.968770 0.027792 0.003418 0.000010 0.000010
0.983743 0.007146 0.009091 0.000010 0.000010
0.992601 0.007369 0.000010 0.000010 0.000010
0.975367 0.024603 0.000010 0.000010 0.000010
0.999960 0.000010 0.000010 0.000010 0.000010
0.988082 0.011888 0.000010 0.000010 0.000010
0.987136 0.012834 0.000010 0.000010 0.000010
0.986759 0.000010 0.013211 0.000010 0.000010
0.947534 0.000010 0.052436 0.000010 0.000010
0.957110 0.042860 0.000010 0.000010 0.000010
0.968112 0.000010 0.031858 0.000010 0.000010
0.924363 0.008076 0.067541 0.000010 0.000010
0.950170 0.049800 0.000010 0.000010 0.000010
0.999960 0.000010 0.000010 0.000010 0.000010
0.999960 0.000010 0.000010 0.000010 0.000010
0.999960 0.000010 0.000010 0.000010 0.000010
0.990038 0.009932 0.000010 0.000010 0.000010
0.964360 0.000016 0.035604 0.000010 0.000010
0.977564 0.022406 0.000010 0.000010 0.000010
0.975005 0.024965 0.000010 0.000010 0.000010
0.984662 0.012149 0.000010 0.003168 0.000010
0.000010 0.227203 0.000010 0.761737 0.011040
0.123041 0.323228 0.000010 0.400302 0.153418
0.023551 0.301233 0.003192 0.599483 0.072540
0.000010 0.000010 0.000010 0.772696 0.227274
0.000010 0.172870 0.022930 0.601005 0.203186
0.003877 0.067932 0.000010 0.683528 0.244653
0.010590 0.124414 0.000010 0.686801 0.178185
0.000010 0.201235 0.043574 0.428062 0.327120
0.000010 0.000010 0.010058 0.790510 0.199412
0.035915 0.055001 0.000010 0.692612 0.216462
0.016595 0.062252 0.000010 0.712968 0.208175
0.000010 0.216217 0.000010 0.585673 0.198091
0.000010 0.072290 0.017995 0.731317 0.178389
0.000010 0.178070 0.733883 0.000010 0.088027
0.049113 0.277260 0.584552 0.000010 0.089064
0.000010 0.105646 0.005835 0.800253 0.088256
0.000010 0.047187 0.000010 0.783558 0.169236
0.000010 0.060445 0.040761 0.898193 0.000591
0.000010 0.075208 0.050084 0.821566 0.053133
0.000010 0.243681 0.692598 0.000010 0.063701
0.000010 0.000010 0.000010 0.659610 0.340360
0.010129 0.060925 0.000010 0.715343 0.213594
0.000010 0.000010 0.000010 0.959898 0.040072
0.038993 0.000010 0.000010 0.875292 0.085695
0.000010 0.064465 0.935505 0.000010 0.000010
0.053768 0.245773 0.700439 0.000010 0.000010
0.000010 0.193613 0.806357 0.000010 0.000010
0.000010 0.044542 0.955428 0.000010 0.000010
0.061830 0.000010 0.938140 0.000010 0.000010
0.007570 0.062287 0.930124 0.000010 0.000010
0.000010 0.000010 0.999960 0.000010 0.000010
0.030005 0.106953 0.628507 0.110570 0.123965
0.044960 0.000010 0.882227 0.009517 0.063286
0.000010 0.000010 0.999960 0.000010 0.000010
0.000010 0.000010 0.999960 0.000010 0.000010
0.000010 0.000010 0.999960 0.000010 0.000010
0.000010 0.012955 0.987015 0.000010 0.000010
0.010218 0.226474 0.647718 0.034407 0.081184
0.019722 0.013298 0.910368 0.014930 0.041682
0.049451 0.097244 0.853285 0.000010 0.000010
0.000010 0.262540 0.679711 0.000010 0.057729
0.000010 0.283378 0.674817 0.000010 0.041785
0.023582 0.102090 0.874309 0.000010 0.000010
0.000010 0.220740 0.779230 0.000010 0.000010
0.007801 0.120638 0.871541 0.000010 0.000010
0.000010 0.000010 0.999960 0.000010 0.000010
0.034673 0.075774 0.889533 0.000010 0.000010
0.000010 0.000010 0.999960 0.000010 0.000010
0.286575 0.000010 0.696069 0.000010 0.017336
0.001723 0.086598 0.839149 0.072519 0.000010
0.109510 0.082789 0.807680 0.000010 0.000010
0.022263 0.569361 0.369764 0.038602 0.000010
0.000010 0.185540 0.625021 0.141177 0.048252
0.000010 0.361297 0.629366 0.009317 0.000010
0.000010 0.152412 0.805831 0.000010 0.041737
0.000010 0.000010 0.999960 0.000010 0.000010
0.000010 0.033583 0.966387 0.000010 0.000010
0.000010 0.059261 0.940709 0.000010 0.000010
0.000010 0.000010 0.999960 0.000010 0.000010
0.000010 0.000010 0.999960 0.000010 0.000010
0.000010 0.066466 0.027072 0.672146 0.234306
0.000010 0.108086 0.065774 0.720923 0.105207
0.000010 0.169425 0.000010 0.678503 0.152052
0.000010 0.462966 0.021501 0.515514 0.000010
0.008761 0.262185 0.729035 0.000010 0.000010
0.000010 0.000010 0.999960 0.000010 0.000010
0.000010 0.009472 0.990498 0.000010 0.000010
0.045852 0.352892 0.601236 0.000010 0.000010
0.000010 0.110913 0.633559 0.255508 0.000010
0.021715 0.151191 0.582386 0.244697 0.000010
0.000010 0.069048 0.904025 0.026907 0.000010
0.000010 0.017122 0.982848 0.000010 0.000010
0.000010 0.027496 0.972474 0.000010 0.000010
0.007835 0.129638 0.862507 0.000010 0.000010
0.000010 0.069842 0.930128 0.000010 0.000010
0.000010 0.137857 0.862113 0.000010 0.000010
0.043354 0.316308 0.640318 0.000010 0.000010
0.000010 0.168083 0.831887 0.000010 0.000010
0.000010 0.307079 0.692891 0.000010 0.000010
0.000010 0.098535 0.901435 0.000010 0.000010
0.000010 0.265208 0.734762 0.000010 0.000010
0.000010 0.106094 0.893876 0.000010 0.000010
0.000010 0.005010 0.002813 0.730501 0.261665
0.001332 0.211759 0.000010 0.572612 0.214287
0.000010 0.000010 0.038811 0.868110 0.093059
0.000010 0.606431 0.000010 0.393539 0.000010
0.000010 0.283378 0.030074 0.676506 0.010032
0.009639 0.000010 0.000010 0.862963 0.127377
0.000010 0.050330 0.949640 0.000010 0.000010
0.000010 0.000010 0.999960 0.000010 0.000010
0.000010 0.000010 0.999960 0.000010 0.000010
0.000010 0.098751 0.901219 0.000010 0.000010
0.000010 0.046537 0.953433 0.000010 0.000010
0.000010 0.054336 0.945634 0.000010 0.000010
0.000010 0.060625 0.939345 0.000010 0.000010
0.000010 0.000010 0.999960 0.000010 0.000010
0.013372 0.014808 0.971800 0.000010 0.000010
