0.000010 0.999970 0.000010 0.000010
0.021108 0.949590 0.000010 0.029291
0.031855 0.968125 0.000010 0.000010
0.030882 0.910266 0.000010 0.058842
0.045581 0.954399 0.000010 0.000010
0.064960 0.935020 0.000010 0.000010
0.000010 0.999970 0.000010 0.000010
0.051504 0.948476 0.000010 0.000010
0.030682 0.895728 0.000010 0.073580
0.000010 0.999970 0.000010 0.000010
0.115260 0.884720 0.000010 0.000010
0.000010 0.964900 0.000010 0.035080
0.000010 0.974241 0.000010 0.025739
0.009327 0.990653 0.000010 0.000010
0.034198 0.965782 0.000010 0.000010
0.031943 0.909866 0.000010 0.058181
0.000010 0.999970 0.000010 0.000010
0.042222 0.938100 0.006034 0.013643
0.010868 0.989112 0.000010 0.000010
0.040017 0.959963 0.000010 0.000010
0.000010 0.999970 0.000010 0.000010
0.000010 0.999970 0.000010 0.000010
0.055275 0.944705 0.000010 0.000010
0.050317 0.949663 0.000010 0.000010
0.000010 0.999970 0.000010 0.000010
0.102254 0.897726 0.000010 0.000010
0.000010 0.999970 0.000010 0.000010
0.023447 0.976533 0.000010 0.000010
0.001578 0.967238 0.000010 0.031175
0.003006 0.996974 0.000010 0.000010
0.017693 0.982287 0.000010 0.000010
0.000010 0.999970 0.000010 0.000010
0.014026 0.985954 0.000010 0.000010
0.000010 0.953715 0.000010 0.046265
0.036680 0.963300 0.000010 0.000010
0.000010 0.999970 0.000010 0.000010
0.000010 0.999970 0.000010 0.000010
0.000010 0.932938 0.000010 0.067042
0.010173 0.958162 0.000010 0.031656
0.000010 0.999970 0.000010 0.000010
0.031186 0.968794 0.000010 0.000010
0.024594 0.929554 0.000010 0.045842
0.007099 0.937656 0.000010 0.055235
0.011836 0.988144 0.000010 0.000010
0.000010 0.999970 0.000010 0.000010
0.053094 0.946886 0.000010 0.000010
0.064153 0.935827 0.000010 0.000010
0.000010 0.999970 0.000010 0.000010
0.000010 0.999970 0.000010 0.000010
0.040810 0.959170 0.000010 0.000010
0.030335 0.969645 0.000010 0.000010
0.047013 0.952967 0.000010 0.000010
0.000010 0.999970 0.000010 0.000010
0.000010 0.999970 0.000010 0.000010
0.025877 0.974103 0.000010 0.000010
0.014889 0.985091 0.000010 0.000010
0.003169 0.996811 0.000010 0.000010
0.000010 0.999970 0.000010 0.000010
0.000010 0.999970 0.000010 0.000010
0.000010 0.999970 0.000010 0.000010
0.058069 0.941911 0.000010 0.000010
0.000010 0.999970 0.000010 0.000010
0.024855 0.975125 0.000010 0.000010
0.032863 0.967117 0.000010 0.000010
0.024529 0.898244 0.000010 0.077217
0.064636 0.810272 0.000010 0.125082
0.066948 0.910895 0.000010 0.022146
0.035362 0.871372 0.000010 0.093256
0.039827 0.766622 0.000010 0.193541
0.026694 0.916839 0.000010 0.056457
0.026321 0.860998 0.000010 0.112670
0.071907 0.859821 0.000010 0.068263
0.038723 0.961257 0.000010 0.000010
0.041982 0.908804 0.000010 0.049204
0.084940 0.825216 0.000010 0.089834
0.042227 0.835829 0.000010 0.121934
0.065404 0.862666 0.000010 0.071920
0.068069 0.931911 0.000010 0.000010
0.072472 0.927508 0.000010 0.000010
0.064974 0.913631 0.000010 0.021385
0.005411 0.928877 0.000010 0.065701
0.000010 0.999970 0.000010 0.000010
0.000010 0.968140 0.000010 0.031840
0.060269 0.939711 0.000010 0.000010
0.000010 0.999970 0.000010 0.000010
0.000010 0.999970 0.000010 0.000010
0.015009 0.984971 0.000010 0.000010
0.024192 0.971068 0.004729 0.000010
0.000010 0.949357 0.000010 0.050623
0.029685 0.944797 0.000010 0.025508
0.000010 0.977340 0.000010 0.022640
0.020392 0.979588 0.000010 0.000010
0.000010 0.993233 0.000010 0.006747
0.013209 0.986771 0.000010 0.000010
0.000010 0.999970 0.000010 0.000010
0.079524 0.920456 0.000010 0.000010
0.062489 0.937491 0.000010 0.000010
0.047709 0.952271 0.000010 0.000010
0.024872 0.930797 0.000010 0.044321
0.047654 0.952326 0.000010 0.000010
0.026193 0.973787 0.000010 0.000010
0.026132 0.973848 0.000010 0.000010
0.000010 0.999970 0.000010 0.000010
0.059974 0.940006 0.000010 0.000010
0.000010 0.999970 0.000010 0.000010
0.013725 0.961956 0.000010 0.024309
0.000010 0.999970 0.000010 0.000010
0.000010 0.999970 0.000010 0.000010
0.047849 0.947819 0.004322 0.000010
0.041785 0.958195 0.000010 0.000010
0.001551 0.974829 0.000010 0.023610
0.013944 0.986036 0.000010 0.000010
0.000010 0.999970 0.000010 0.000010
0.000010 0.999970 0.000010 0.000010
0.000010 0.999970 0.000010 0.000010
0.000010 0.929302 0.000010 0.070678
0.000010 0.878042 0.000010 0.121938
0.000010 0.921092 0.000010 0.078888
0.034061 0.825106 0.000010 0.140823
0.048906 0.826457 0.000010 0.124627
0.086385 0.879962 0.000010 0.033642
0.069839 0.845474 0.000010 0.084677
0.050565 0.899835 0.005601 0.043999
0.000010 0.943042 0.000010 0.056938
0.000010 0.952120 0.000010 0.047860
0.052798 0.892970 0.000010 0.054222
0.062334 0.937646 0.000010 0.000010
0.020096 0.925307 0.000010 0.054587
0.054055 0.945925 0.000010 0.000010
0.003651 0.840931 0.000010 0.155408
0.081123 0.861912 0.000010 0.056954
0.087077 0.873726 0.000010 0.039187
0.047837 0.925861 0.000010 0.026291
0.038126 0.929708 0.000010 0.032156
0.067447 0.850346 0.000010 0.082197
0.071366 0.829948 0.000010 0.098676
0.000010 0.999970 0.000010 0.000010
0.121647 0.878333 0.000010 0.000010
0.018999 0.856682 0.000010 0.124309
0.000010 0.955656 0.000010 0.044324
0.017421 0.918838 0.000010 0.063730
0.119137 0.859700 0.000010 0.021153
0.041595 0.882670 0.000010 0.075725
0.050710 0.872453 0.006779 0.070059
0.059473 0.860402 0.000010 0.080115
0.068098 0.859603 0.000010 0.072289
0.049583 0.943184 0.000010 0.007223
0.095062 0.836307 0.000010 0.068621
0.092483 0.874784 0.000010 0.032723
0.035419 0.875959 0.000010 0.088612
0.054260 0.821310 0.000010 0.124419
0.000010 0.945316 0.000010 0.054664
0.115602 0.884378 0.000010 0.000010
0.122219 0.796584 0.000010 0.081187
0.007189 0.879293 0.000010 0.113509
0.000010 0.956921 0.000010 0.043059
0.020080 0.935955 0.000010 0.043955
0.054922 0.923385 0.000010 0.021682
0.070824 0.912253 0.000010 0.016913
0.050401 0.949579 0.000010 0.000010
0.045610 0.898146 0.000010 0.056234
0.049583 0.950397 0.000010 0.000010
0.099118 0.798279 0.000010 0.102593
0.048472 0.946634 0.000010 0.004884
0.006072 0.947402 0.000010 0.046516
0.036933 0.931065 0.000010 0.031991
0.038373 0.933388 0.000010 0.028229
0.118426 0.881554 0.000010 0.000010
0.018953 0.981027 0.000010 0.000010
0.049234 0.937359 0.000010 0.013397
0.065783 0.897311 0.000010 0.036896
0.037475 0.962505 0.000010 0.000010
0.011466 0.898347 0.000010 0.090177
0.034467 0.919083 0.000010 0.046441
0.081060 0.815818 0.000010 0.103112
0.054874 0.894422 0.000010 0.050694
0.000010 0.933995 0.000010 0.065985
0.081236 0.871382 0.000010 0.047372
0.067311 0.912489 0.000010 0.020189
0.089314 0.910666 0.000010 0.000010
0.071105 0.928875 0.000010 0.000010
0.115118 0.870421 0.000010 0.014451
0.080070 0.895585 0.000010 0.024335
0.028288 0.885959 0.000010 0.085743
0.074370 0.910130 0.002395 0.013106
0.065769 0.844002 0.000010 0.090219
0.020531 0.851324 0.000010 0.128135
0.109705 0.809999 0.000010 0.080286
0.106781 0.837858 0.000010 0.055351
0.020207 0.979773 0.000010 0.000010
0.093634 0.787824 0.000010 0.118533
0.072785 0.857200 0.000010 0.070006
0.018768 0.981212 0.000010 0.000010
0.010987 0.988993 0.000010 0.000010
0.010525 0.949150 0.000010 0.040315
0.055242 0.886289 0.000010 0.058459
0.066839 0.887128 0.000010 0.046023
0.105762 0.894218 0.000010 0.000010
0.000010 0.000010 0.000010 0.999970
0.000010 0.000010 0.000010 0.999970
0.000010 0.000010 0.000010 0.999970
0.000010 0.000010 0.000010 0.999970
0.000010 0.000010 0.000010 0.999970
0.000010 0.000010 0.000010 0.999970
0.000010 0.000010 0.000010 0.999970
0.000010 0.011792 0.000010 0.988188
0.000010 0.000010 0.000010 0.999970
0.000010 0.000010 0.000010 0.999970
0.000010 0.000010 0.000010 0.999970
0.000010 0.000010 0.000010 0.999970
0.028131 0.000010 0.000010 0.971849
0.041022 0.000010 0.000010 0.958958
0.022012 0.000010 0.000010 0.977968
0.000010 0.000010 0.000010 0.999970
0.006281 0.000010 0.000010 0.993699
0.042784 0.000010 0.000010 0.957196
0.000010 0.000010 0.000010 0.999970
0.000010 0.000010 0.000010 0.999970
0.000010 0.000010 0.000010 0.999970
0.000010 0.000010 0.000010 0.999970
0.050063 0.000010 0.000010 0.949917
0.064160 0.000010 0.000010 0.935820
0.010937 0.000010 0.000010 0.989043
0.009962 0.000010 0.004287 0.985741
0.000010 0.000010 0.000010 0.999970
0.000010 0.000010 0.000010 0.999970
0.000010 0.000010 0.000010 0.999970
0.010482 0.000010 0.000010 0.989498
0.000010 0.000010 0.000010 0.999970
0.000283 0.000010 0.000010 0.999697
0.000010 0.000010 0.000010 0.999970
0.000010 0.000010 0.000010 0.999970
0.000010 0.000010 0.000010 0.999970
0.000010 0.000010 0.000010 0.999970
0.000010 0.000010 0.000010 0.999970
0.000010 0.000010 0.000010 0.999970
0.000010 0.000010 0.000010 0.999970
0.015241 0.000010 0.000010 0.984739
0.000010 0.000010 0.000010 0.999970
0.000010 0.000010 0.000010 0.999970
0.000010 0.000010 0.000010 0.999970
0.000018 0.000010 0.000010 0.999962
0.011723 0.000010 0.000010 0.988257
0.022923 0.000010 0.000010 0.977057
0.000010 0.000010 0.000010 0.999970
0.022528 0.000010 0.000010 0.977452
0.000010 0.000010 0.000010 0.999970
0.000010 0.000010 0.000010 0.999970
0.000010 0.000010 0.000010 0.999970
0.000010 0.000010 0.000010 0.999970
0.000010 0.000010 0.000010 0.999970
0.000010 0.000010 0.000010 0.999970
0.000010 0.021813 0.000010 0.978167
0.000010 0.016071 0.000010 0.983909
0.000010 0.032029 0.000010 0.967951
0.000010 0.012115 0.000010 0.987865
0.000010 0.000010 0.000010 0.999970
0.000010 0.000010 0.000010 0.999970
0.000010 0.000010 0.000010 0.999970
0.000010 0.000010 0.000010 0.999970
0.000010 0.000010 0.000010 0.999970
0.015059 0.000010 0.000010 0.984921
0.000010 0.000010 0.000010 0.999970
0.000010 0.000010 0.000010 0.999970
0.215339 0.721947 0.047707 0.015008
0.000010 0.901542 0.098438 0.000010
0.310014 0.513531 0.176446 0.000010
0.063577 0.777169 0.040538 0.118717
0.189125 0.624923 0.100894 0.085058
0.000010 0.000010 0.000010 0.999970
0.000010 0.000010 0.000010 0.999970
0.003100 0.000010 0.000010 0.996880
0.000010 0.000010 0.000010 0.999970
0.000010 0.000010 0.000010 0.999970
0.000010 0.000010 0.000010 0.999970
0.000010 0.000010 0.000010 0.999970
0.028399 0.000010 0.000010 0.971581
0.000010 0.000010 0.000010 0.999970
0.014994 0.000010 0.000010 0.984986
0.000010 0.000010 0.000010 0.999970
0.002824 0.000010 0.000010 0.997156
0.000010 0.000010 0.000010 0.999970
0.016964 0.000010 0.000010 0.983016
0.017712 0.000010 0.000010 0.982268
0.000010 0.000010 0.000010 0.999970
0.042616 0.000010 0.000010 0.957364
0.000010 0.000010 0.000010 0.999970
0.000010 0.000010 0.000010 0.999970
0.013995 0.000010 0.000010 0.985985
0.000010 0.000010 0.000010 0.999970
0.043716 0.025260 0.000010 0.931013
0.000010 0.000010 0.000010 0.999970
0.000010 0.000010 0.000010 0.999970
0.000010 0.000010 0.000010 0.999970
0.000010 0.000010 0.000010 0.999970
0.000010 0.000010 0.000010 0.999970
0.000010 0.000010 0.000010 0.999970
0.000010 0.000010 0.000010 0.999970
0.000010 0.000010 0.000010 0.999970
0.048553 0.000010 0.000010 0.951427
0.014563 0.000010 0.000010 0.985417
0.025877 0.000010 0.000010 0.974103
0.000010 0.000010 0.000010 0.999970
0.000010 0.000010 0.000010 0.999970
0.000010 0.000010 0.000010 0.999970
0.000010 0.000010 0.000010 0.999970
0.000010 0.000010 0.000010 0.999970
0.000010 0.000010 0.000010 0.999970
0.067587 0.000010 0.000010 0.932393
0.000010 0.000010 0.000010 0.999970
0.022855 0.000010 0.000010 0.977125
0.012268 0.000010 0.000010 0.987712
0.000010 0.000010 0.000010 0.999970
0.000010 0.000010 0.000010 0.999970
0.000010 0.000010 0.000010 0.999970
0.000010 0.000010 0.000010 0.999970
0.000010 0.000010 0.000010 0.999970
0.140907 0.608045 0.147899 0.103148
0.045278 0.745859 0.208853 0.000010
0.108431 0.687192 0.154642 0.049735
0.109413 0.777622 0.010269 0.102695
0.227738 0.632222 0.057624 0.082416
0.272899 0.621945 0.037791 0.067364
0.000010 0.000010 0.000010 0.999970
0.000010 0.000010 0.000010 0.999970
0.000010 0.000010 0.000010 0.999970
0.000010 0.000010 0.000010 0.999970
0.000010 0.000010 0.000010 0.999970
0.000010 0.000010 0.000010 0.999970
0.000010 0.000010 0.000010 0.999970
0.000010 0.000010 0.000010 0.999970
0.000010 0.000010 0.000010 0.999970
0.000010 0.000010 0.000010 0.999970
0.000010 0.000010 0.000010 0.999970
0.000010 0.000010 0.000010 0.999970
0.000010 0.000010 0.000010 0.999970
0.000010 0.000010 0.000010 0.999970
0.000010 0.000010 0.000010 0.999970
0.029285 0.000010 0.000010 0.970695
0.004191 0.000010 0.000010 0.995789
0.010776 0.000010 0.000010 0.989204
0.025641 0.000010 0.000010 0.974339
0.007622 0.000010 0.000010 0.992358
0.032007 0.000010 0.000010 0.967973
0.000010 0.000010 0.000010 0.999970
0.033733 0.000010 0.000010 0.966247
0.000010 0.000010 0.000010 0.999970
0.000010 0.000010 0.000010 0.999970
0.000010 0.000010 0.000010 0.999970
0.000010 0.000010 0.000010 0.999970
0.000010 0.017688 0.000010 0.982292
0.000010 0.000010 0.000010 0.999970
0.000010 0.000010 0.000010 0.999970
0.043646 0.000010 0.000010 0.956334
0.000807 0.000010 0.000010 0.999173
0.030013 0.000010 0.000010 0.969967
0.000010 0.000010 0.000010 0.999970
0.001350 0.000010 0.000010 0.998630
0.000010 0.000010 0.000010 0.999970
0.000010 0.000010 0.000010 0.999970
0.000010 0.000010 0.000010 0.999970
0.000010 0.000010 0.000010 0.999970
0.096571 0.887764 0.015655 0.000010
0.205646 0.697485 0.014769 0.082100
0.196869 0.789430 0.013692 0.000010
0.324468 0.512612 0.150579 0.012341
0.245959 0.654850 0.099181 0.000010
0.180146 0.819834 0.000010 0.000010
0.132478 0.766005 0.101507 0.000010
0.160262 0.743926 0.095802 0.000010
0.211386 0.788594 0.000010 0.000010
0.358244 0.534803 0.106943 0.000010
0.278599 0.683064 0.038327 0.000010
0.022267 0.000010 0.000010 0.977713
0.000010 0.000010 0.000010 0.999970
0.000010 0.000010 0.000010 0.999970
0.000010 0.000010 0.000010 0.999970
0.000010 0.010928 0.000010 0.989052
0.010334 0.008973 0.000010 0.980683
0.026066 0.000010 0.000010 0.973914
0.000010 0.000010 0.000010 0.999970
0.000010 0.000010 0.000010 0.999970
0.000010 0.000010 0.000010 0.999970
0.000010 0.000010 0.000010 0.999970
0.007068 0.000010 0.000010 0.992912
0.000010 0.000010 0.000010 0.999970
0.000010 0.011132 0.000010 0.988848
0.000010 0.000010 0.000010 0.999970
0.032391 0.000010 0.000010 0.967589
0.000010 0.000010 0.000010 0.999970
0.125717 0.789891 0.084381 0.000010
0.098364 0.812261 0.065355 0.024020
0.223642 0.512186 0.264162 0.000010
0.220383 0.655414 0.124193 0.000010
0.281925 0.507334 0.187794 0.022947
0.170183 0.583635 0.246172 0.000010
0.292508 0.434854 0.265179 0.007459
0.179383 0.719634 0.100973 0.000010
0.186868 0.567487 0.245635 0.000010
0.109703 0.728437 0.161849 0.000010
0.085393 0.833887 0.034899 0.045821
0.242701 0.578829 0.136068 0.042402
0.139354 0.762396 0.086965 0.011285
0.261428 0.629746 0.071504 0.037322
0.181911 0.660994 0.121553 0.035541
0.188949 0.707827 0.103215 0.000010
0.135774 0.818423 0.045793 0.000010
0.150560 0.787372 0.062058 0.000010
0.130720 0.859129 0.010141 0.000010
0.239136 0.730919 0.029935 0.000010
0.054135 0.880246 0.063411 0.002208
0.070287 0.839497 0.051468 0.038749
0.091931 0.850507 0.057552 0.000010
0.174240 0.767013 0.058737 0.000010
0.365087 0.507686 0.116842 0.010385
0.234739 0.709728 0.055470 0.000062
0.146329 0.610458 0.197348 0.045866
0.223066 0.543318 0.186202 0.047414
0.156131 0.451669 0.351630 0.040570
0.092406 0.697832 0.200877 0.008885
0.223385 0.609781 0.153176 0.013658
0.147626 0.705226 0.146373 0.000776
0.165654 0.689241 0.145095 0.000010
0.199109 0.667432 0.133449 0.000010
0.152819 0.676500 0.167306 0.003375
0.039200 0.806685 0.070678 0.083436
0.184751 0.715469 0.099771 0.000010
0.142465 0.686072 0.114017 0.057446
0.059011 0.880961 0.060017 0.000010
0.097581 0.653336 0.249073 0.000010
0.209903 0.740365 0.049722 0.000010
0.197034 0.751936 0.051020 0.000010
0.070170 0.890197 0.035016 0.004618
0.104388 0.817607 0.067648 0.010356
0.041754 0.555254 0.393868 0.009124
0.131001 0.444596 0.382086 0.042317
0.084473 0.477771 0.373145 0.064611
0.112810 0.652788 0.234392 0.000010
0.103310 0.747922 0.107641 0.041127
0.098617 0.850548 0.011086 0.039749
0.173626 0.668775 0.000010 0.157589
0.139920 0.783207 0.000010 0.076863
0.156155 0.537312 0.306522 0.000010
0.119215 0.843836 0.036939 0.000010
0.082361 0.716201 0.201429 0.000010
0.156264 0.751118 0.017937 0.074681
0.055365 0.666257 0.207179 0.071200
0.075516 0.608374 0.171736 0.144374
0.251209 0.666707 0.082074 0.000010
0.423537 0.554711 0.000010 0.021742
0.301927 0.641110 0.056953 0.000010
0.285984 0.579872 0.110549 0.023595
0.195835 0.727199 0.031501 0.045464
0.221777 0.693950 0.029872 0.054401
0.102772 0.701209 0.196009 0.000010
0.540269 0.288871 0.149494 0.021367
0.311579 0.569192 0.119218 0.000010
0.346903 0.456463 0.196625 0.000010
0.087298 0.884701 0.027992 0.000010
0.233660 0.674995 0.051095 0.040249
0.174550 0.664835 0.079896 0.080718
0.120887 0.588766 0.290337 0.000010
0.085671 0.587339 0.312420 0.014570
0.125468 0.797413 0.040373 0.036746
0.124338 0.773609 0.058893 0.043160
0.196402 0.671637 0.072895 0.059066
0.129431 0.745574 0.124985 0.000010
0.193830 0.523541 0.107560 0.175069
0.078455 0.640978 0.153363 0.127205
0.042923 0.775002 0.182065 0.000010
0.141972 0.578166 0.245514 0.034347
0.181555 0.669070 0.124899 0.024476
0.066372 0.679940 0.185503 0.068185
0.340165 0.581351 0.078474 0.000010
0.184611 0.681732 0.133647 0.000010
0.273530 0.639681 0.086779 0.000010
0.283072 0.579930 0.125909 0.011090
0.286789 0.682558 0.030643 0.000010
0.206429 0.752175 0.041386 0.000010
0.244140 0.755840 0.000010 0.000010
0.106122 0.518879 0.374988 0.000010
0.149896 0.676323 0.173771 0.000010
0.163587 0.670614 0.128431 0.037368
0.245240 0.643507 0.111244 0.000010
0.126346 0.732226 0.141418 0.000010
0.194898 0.188729 0.616363 0.000010
0.081196 0.409274 0.494525 0.015005
0.130959 0.326116 0.542915 0.000010
0.154585 0.711994 0.083713 0.049709
0.050022 0.905342 0.044625 0.000010
0.140010 0.639155 0.220826 0.000010
0.384185 0.493228 0.088998 0.033589
0.280299 0.719681 0.000010 0.000010
0.294021 0.643572 0.062397 0.000010
0.204410 0.730573 0.034015 0.031002
0.209113 0.652379 0.084618 0.053890
0.220503 0.734397 0.045090 0.000010
0.215730 0.750432 0.000010 0.033828
0.347270 0.652710 0.000010 0.000010
0.208480 0.749756 0.000010 0.041755
0.122663 0.748575 0.060113 0.068649
0.228874 0.481838 0.248226 0.041062
0.183751 0.577085 0.162604 0.076560
0.264011 0.619021 0.116958 0.000010
0.228671 0.563512 0.207807 0.000010
0.244118 0.495796 0.260076 0.000010
0.118410 0.696038 0.063599 0.121954
0.111239 0.852627 0.000010 0.036125
0.090518 0.703867 0.055110 0.150505
0.331421 0.649731 0.000010 0.018838
0.352424 0.584823 0.045728 0.017025
0.348784 0.592232 0.045534 0.013449
0.001907 0.860847 0.119807 0.017439
0.000010 0.768371 0.231609 0.000010
0.171866 0.654447 0.056459 0.117228
0.230675 0.627524 0.141791 0.000010
0.021338 0.978642 0.000010 0.000010
0.804925 0.195055 0.000010 0.000010
0.264509 0.445756 0.241929 0.047806
0.636373 0.239404 0.112056 0.012167
0.450064 0.481874 0.000010 0.068052
0.206423 0.749303 0.044263 0.000010
0.394353 0.555801 0.033364 0.016482
0.267466 0.732514 0.000010 0.000010
0.560991 0.378343 0.007774 0.052892
0.380098 0.619882 0.000010 0.000010
0.367274 0.551574 0.055007 0.026144
0.347693 0.621925 0.030371 0.000010
0.267735 0.667829 0.064426 0.000010
0.238126 0.761854 0.000010 0.000010
0.156271 0.779045 0.000010 0.064674
0.223490 0.767919 0.000010 0.008581
0.203772 0.753102 0.040227 0.002900
0.349551 0.650429 0.000010 0.000010
0.272703 0.699633 0.027654 0.000010
0.095663 0.836978 0.040467 0.026892
0.280557 0.661644 0.057789 0.000010
0.192830 0.756127 0.051033 0.000010
0.470368 0.305561 0.176784 0.047286
0.257208 0.582153 0.111705 0.048934
0.252378 0.499935 0.230040 0.017647
0.143782 0.854043 0.000010 0.002165
0.290038 0.588793 0.121159 0.000010
0.254247 0.670764 0.074980 0.000010
0.325027 0.674314 0.000650 0.000010
0.348148 0.612173 0.039670 0.000010
0.298166 0.675655 0.026169 0.000010
0.438021 0.561955 0.000014 0.000010
0.104042 0.785150 0.027838 0.082971
0.378072 0.621908 0.000010 0.000010
0.154503 0.815296 0.006904 0.023298
0.289943 0.498374 0.211674 0.000010
0.176669 0.719661 0.103660 0.000010
0.178381 0.668651 0.123135 0.029834
0.111703 0.785444 0.046649 0.056204
0.008777 0.991203 0.000010 0.000010
0.062514 0.914063 0.021834 0.001588
0.330189 0.420625 0.249176 0.000010
0.195262 0.804718 0.000010 0.000010
0.266771 0.722997 0.010222 0.000010
0.405334 0.519715 0.074941 0.000010
0.362434 0.518018 0.049160 0.070387
0.570802 0.319123 0.110065 0.000010
0.339055 0.414055 0.213971 0.032918
0.346153 0.374082 0.279755 0.000010
0.239061 0.433850 0.327078 0.000010
0.190184 0.496867 0.312939 0.000010
0.164249 0.826885 0.000010 0.008856
0.274329 0.509113 0.189662 0.026896
0.149084 0.626169 0.224736 0.000010
0.103211 0.850171 0.023031 0.023588
0.078701 0.770583 0.150706 0.000010
0.085670 0.813608 0.008068 0.092655
0.249262 0.750718 0.000010 0.000010
0.119693 0.856433 0.003502 0.020372
0.352859 0.520919 0.101608 0.024614
0.556116 0.314063 0.129811 0.000010
0.352828 0.483828 0.121736 0.041608
0.433814 0.528956 0.000010 0.037220
0.390751 0.608816 0.000010 0.000423
0.453661 0.546319 0.000010 0.000010
0.008292 0.954915 0.000010 0.036783
0.006497 0.976563 0.016930 0.000010
0.000010 0.990926 0.000010 0.009054
0.000010 0.999970 0.000010 0.000010
0.000010 0.999970 0.000010 0.000010
0.000010 0.999970 0.000010 0.000010
0.014597 0.962591 0.022802 0.000010
0.000010 0.999970 0.000010 0.000010
0.017454 0.982526 0.000010 0.000010
0.025215 0.939364 0.010815 0.024606
0.000010 0.983613 0.016367 0.000010
0.000010 0.999970 0.000010 0.000010
0.006957 0.979637 0.000010 0.013396
0.000010 0.995462 0.004518 0.000010
0.000010 0.999970 0.000010 0.000010
0.000010 0.982494 0.000010 0.017486
0.008781 0.991199 0.000010 0.000010
0.000010 0.999970 0.000010 0.000010
0.004421 0.995559 0.000010 0.000010
0.038233 0.951907 0.000010 0.009850
0.025938 0.968304 0.000010 0.005747
0.014887 0.972314 0.000010 0.012789
0.000010 0.970383 0.000010 0.029597
0.008724 0.984840 0.000010 0.006427
0.000010 0.999970 0.000010 0.000010
0.004702 0.955594 0.013805 0.025899
0.000010 0.956534 0.000010 0.043446
0.013795 0.923259 0.057130 0.005816
0.006956 0.961909 0.018795 0.012340
0.000010 0.952350 0.023827 0.023813
0.000010 0.999970 0.000010 0.000010
0.000010 0.988558 0.000010 0.011422
0.000010 0.999970 0.000010 0.000010
0.000010 0.970343 0.004495 0.025152
0.000010 0.964928 0.000010 0.035052
0.000010 0.935856 0.000010 0.064124
0.246759 0.675435 0.068585 0.009221
0.122915 0.312326 0.519909 0.044850
0.176983 0.421264 0.334860 0.066893
0.220830 0.727311 0.024131 0.027728
0.204808 0.778248 0.013505 0.003439
0.799360 0.101390 0.000010 0.099240
0.507855 0.492125 0.000010 0.000010
0.719798 0.280182 0.000010 0.000010
0.666988 0.331650 0.000010 0.001352
0.947107 0.052873 0.000010 0.000010
0.757945 0.242035 0.000010 0.000010
0.587801 0.326670 0.085519 0.000010
0.666427 0.330308 0.003255 0.000010
0.664163 0.247733 0.088094 0.000010
0.000010 0.025131 0.000010 0.974849
0.005580 0.000010 0.000010 0.994400
0.000010 0.000010 0.000010 0.999970
0.000010 0.000010 0.000010 0.999970
0.000010 0.036288 0.000010 0.963692
0.000018 0.003506 0.000010 0.996466
0.000885 0.972869 0.026236 0.000010
0.026350 0.947675 0.000010 0.025965
0.000010 0.974663 0.025317 0.000010
0.000010 0.999970 0.000010 0.000010
0.012713 0.960512 0.010300 0.016475
0.000010 0.999970 0.000010 0.000010
0.000010 0.999970 0.000010 0.000010
0.005515 0.907414 0.017469 0.069601
0.017731 0.962208 0.000010 0.020051
0.000010 0.984841 0.015139 0.000010
0.000010 0.980293 0.019636 0.000061
0.000010 0.959021 0.038387 0.002583
0.019191 0.980789 0.000010 0.000010
0.003005 0.996975 0.000010 0.000010
0.002454 0.997526 0.000010 0.000010
0.000010 0.974574 0.000010 0.025406
0.000010 0.988397 0.000010 0.011583
0.000010 0.965114 0.000010 0.034866
0.043892 0.926985 0.029113 0.000010
0.006620 0.982327 0.000010 0.011043
0.000010 0.977037 0.022065 0.000888
0.031164 0.950219 0.018607 0.000010
0.032549 0.967431 0.000010 0.000010
0.024973 0.887904 0.008313 0.078810
0.000010 0.999970 0.000010 0.000010
0.000010 0.989102 0.010878 0.000010
0.006362 0.977673 0.000010 0.015955
0.000010 0.957640 0.042340 0.000010
0.000010 0.960471 0.039509 0.000010
0.000010 0.982602 0.017378 0.000010
0.035426 0.945035 0.019529 0.000010
0.000010 0.984732 0.015248 0.000010
0.036638 0.949560 0.013792 0.000010
0.032811 0.967169 0.000010 0.000010
0.000010 0.993672 0.006308 0.000010
0.000010 0.987678 0.007049 0.005264
0.000010 0.971582 0.000010 0.028398
0.043676 0.901077 0.017433 0.037814
0.000010 0.999970 0.000010 0.000010
0.000010 0.999970 0.000010 0.000010
0.000010 0.976588 0.000010 0.023392
0.000010 0.981147 0.000010 0.018833
0.000010 0.999970 0.000010 0.000010
0.000010 0.999970 0.000010 0.000010
0.033468 0.955605 0.010918 0.000010
0.037324 0.952807 0.009860 0.000010
0.051012 0.939225 0.009753 0.000010
0.047809 0.952171 0.000010 0.000010
0.021088 0.978892 0.000010 0.000010
0.000010 0.999970 0.000010 0.000010
0.000010 0.967982 0.009646 0.022363
0.015360 0.984620 0.000010 0.000010
0.007527 0.960096 0.000010 0.032367
0.041617 0.878255 0.063612 0.016516
0.000010 0.954805 0.029497 0.015688
0.007435 0.939699 0.052857 0.000010
0.000010 0.952880 0.035640 0.011469
0.001650 0.849018 0.042343 0.106989
0.016241 0.876273 0.064284 0.043202
0.000010 0.999970 0.000010 0.000010
0.000010 0.999970 0.000010 0.000010
0.000010 0.999970 0.000010 0.000010
0.000010 0.955248 0.000010 0.044732
0.000010 0.999970 0.000010 0.000010
0.014779 0.984067 0.000010 0.001144
0.005722 0.994258 0.000010 0.000010
0.000010 0.985114 0.014866 0.000010
0.013229 0.963318 0.000010 0.023443
0.025532 0.957040 0.017418 0.000010
0.003266 0.986459 0.010264 0.000010
0.000010 0.984935 0.014393 0.000662
0.021839 0.978141 0.000010 0.000010
0.000010 0.985727 0.000010 0.014253
0.000010 0.997966 0.000010 0.002014
0.000010 0.991665 0.000010 0.008315
0.000010 0.973493 0.000010 0.026487
0.008391 0.973538 0.018061 0.000010
0.000010 0.999970 0.000010 0.000010
0.000010 0.976846 0.023134 0.000010
0.000010 0.980826 0.019154 0.000010
0.001184 0.939226 0.000010 0.059580
0.000010 0.999970 0.000010 0.000010
0.001972 0.998008 0.000010 0.000010
0.000010 0.999970 0.000010 0.000010
0.003864 0.996116 0.000010 0.000010
0.004949 0.995031 0.000010 0.000010
0.000010 0.988804 0.011176 0.000010
0.000010 0.947093 0.000010 0.052887
0.016920 0.965276 0.017794 0.000010
0.000010 0.999970 0.000010 0.000010
0.001741 0.998239 0.000010 0.000010
0.000010 0.999970 0.000010 0.000010
0.000010 0.999970 0.000010 0.000010
0.000010 0.999798 0.000010 0.000182
0.000010 0.999970 0.000010 0.000010
0.000010 0.999970 0.000010 0.000010
0.031869 0.968111 0.000010 0.000010
0.000010 0.999970 0.000010 0.000010
0.000010 0.023076 0.000010 0.976904
0.000010 0.000010 0.000010 0.999970
0.000010 0.018319 0.000010 0.981661
0.000010 0.000010 0.000010 0.999970
0.000010 0.000010 0.000010 0.999970
0.000010 0.000010 0.000010 0.999970
0.000010 0.000010 0.000010 0.999970
0.000010 0.000010 0.000010 0.999970
0.000010 0.000010 0.000010 0.999970
0.000010 0.000010 0.000010 0.999970
0.000010 0.000010 0.000010 0.999970
0.000010 0.000010 0.000010 0.999970
0.000010 0.000010 0.000010 0.999970
0.000010 0.000010 0.000010 0.999970
0.000010 0.000010 0.000010 0.999970
0.000010 0.000010 0.000010 0.999970
0.000010 0.032651 0.000010 0.967329
0.000878 0.000010 0.000010 0.999102
0.000010 0.000010 0.000010 0.999970
0.000010 0.000010 0.005651 0.994329
0.000010 0.000010 0.000010 0.999970
0.000010 0.000010 0.000010 0.999970
0.000010 0.000010 0.000010 0.999970
0.000010 0.033403 0.000010 0.966577
0.000010 0.011588 0.000010 0.988392
0.000010 0.000010 0.000010 0.999970
0.000010 0.057918 0.000010 0.942062
0.018628 0.013395 0.000010 0.967967
0.000010 0.000010 0.000010 0.999970
0.053715 0.027581 0.000010 0.918694
0.008427 0.000010 0.000010 0.991553
0.000010 0.009851 0.000010 0.990129
0.033595 0.000010 0.000010 0.966385
0.000010 0.000010 0.000010 0.999970
0.000010 0.025534 0.000010 0.974446
0.003184 0.027781 0.000010 0.969025
0.009147 0.006532 0.000010 0.984311
0.000010 0.007373 0.000010 0.992607
0.000010 0.024560 0.000010 0.975420
0.000010 0.000010 0.000010 0.999970
0.000010 0.011733 0.000010 0.988247
0.000010 0.012728 0.000010 0.987252
0.013177 0.000010 0.000010 0.986803
0.052396 0.000010 0.000010 0.947584
0.000010 0.042808 0.000010 0.957172
0.031796 0.000010 0.000010 0.968184
0.067081 0.008084 0.000010 0.924824
0.000010 0.049686 0.000010 0.950294
0.000010 0.000010 0.000010 0.999970
0.000010 0.000010 0.000010 0.999970
0.000010 0.000010 0.000010 0.999970
0.000010 0.009731 0.000010 0.990249
0.035441 0.000010 0.000010 0.964539
0.000010 0.022319 0.000010 0.977661
0.000010 0.024909 0.000010 0.975071
0.000010 0.014149 0.001790 0.984051
0.000010 0.217729 0.782251 0.000010
0.000010 0.325678 0.550431 0.123881
0.005324 0.296750 0.676408 0.021518
0.000010 0.000010 0.999970 0.000010
0.025094 0.172819 0.802077 0.000010
0.000010 0.072180 0.924471 0.003339
0.000010 0.124388 0.868268 0.007334
0.043848 0.212177 0.743965 0.000010
0.010635 0.000010 0.989345 0.000010
0.000010 0.054991 0.908690 0.036309
0.000616 0.062848 0.919994 0.016542
0.000010 0.216978 0.783002 0.000010
0.018513 0.070195 0.911282 0.000010
0.730867 0.191042 0.078081 0.000010
0.584841 0.297552 0.068462 0.049145
0.006050 0.104782 0.889159 0.000010
0.000010 0.049512 0.950468 0.000010
0.039340 0.057150 0.903500 0.000010
0.051295 0.065349 0.883346 0.000010
0.693900 0.271194 0.034896 0.000010
0.000010 0.000010 0.999970 0.000010
0.000010 0.060240 0.930209 0.009541
0.000010 0.000010 0.999970 0.000010
0.000010 0.000010 0.966696 0.033284
0.935188 0.064792 0.000010 0.000010
0.700661 0.245730 0.000010 0.053599
0.806160 0.193820 0.000010 0.000010
0.956914 0.043066 0.000010 0.000010
0.939329 0.000010 0.000010 0.060651
0.930875 0.061615 0.000010 0.007500
0.999970 0.000010 0.000010 0.000010
0.628595 0.113868 0.228459 0.029077
0.882797 0.000010 0.071543 0.045650
0.999970 0.000010 0.000010 0.000010
0.999970 0.000010 0.000010 0.000010
0.999970 0.000010 0.000010 0.000010
0.987577 0.012403 0.000010 0.000010
0.647989 0.236291 0.105980 0.009740
0.912167 0.018088 0.052611 0.017135
0.854568 0.095235 0.000010 0.050186
0.683337 0.267809 0.048845 0.000010
0.679155 0.289919 0.030916 0.000010
0.874717 0.102032 0.000010 0.023241
0.779859 0.220121 0.000010 0.000010
0.872077 0.120490 0.000010 0.007423
0.999965 0.000010 0.000015 0.000010
0.889498 0.075521 0.000010 0.034972
0.999970 0.000010 0.000010 0.000010
0.705859 0.000010 0.003824 0.290307
0.842875 0.083840 0.073275 0.000010
0.808477 0.081563 0.000010 0.109950
0.370784 0.569471 0.038071 0.021674
0.625430 0.186528 0.188032 0.000010
0.631238 0.363721 0.005031 0.000010
0.800290 0.152573 0.037265 0.009872
0.999970 0.000010 0.000010 0.000010
0.966300 0.033680 0.000010 0.000010
0.941265 0.058715 0.000010 0.000010
0.999970 0.000010 0.000010 0.000010
0.999970 0.000010 0.000010 0.000010
0.026936 0.071297 0.901758 0.000010
0.060148 0.111014 0.828829 0.000010
0.000015 0.169174 0.830801 0.000010
0.020444 0.452640 0.526906 0.000010
0.729721 0.261785 0.000010 0.008484
0.999970 0.000010 0.000010 0.000010
0.991614 0.008366 0.000010 0.000010
0.601053 0.352336 0.000010 0.046601
0.633609 0.102552 0.263830 0.000010
0.580943 0.145633 0.248523 0.024900
0.904758 0.069517 0.025715 0.000010
0.983543 0.016437 0.000010 0.000010
0.972742 0.027238 0.000010 0.000010
0.862752 0.129497 0.000010 0.007741
0.930607 0.069373 0.000010 0.000010
0.862254 0.137726 0.000010 0.000010
0.640204 0.316240 0.000010 0.043545
0.831732 0.168248 0.000010 0.000010
0.692892 0.307088 0.000010 0.000010
0.901287 0.098693 0.000010 0.000010
0.734876 0.265104 0.000010 0.000010
0.893897 0.106083 0.000010 0.000010
0.000010 0.022897 0.977083 0.000010
0.000010 0.213961 0.784333 0.001696
0.038788 0.000010 0.961192 0.000010
0.000010 0.598511 0.401469 0.000010
0.024690 0.275223 0.700078 0.000010
0.000010 0.000010 0.994408 0.005572
0.949421 0.050559 0.000010 0.000010
0.999970 0.000010 0.000010 0.000010
0.999970 0.000010 0.000010 0.000010
0.902205 0.097775 0.000010 0.000010
0.953675 0.046305 0.000010 0.000010
0.946188 0.053792 0.000010 0.000010
0.939334 0.060646 0.000010 0.000010
0.999970 0.000010 0.000010 0.000010
0.971863 0.014036 0.000010 0.014090
0.019912 0.053817 0.926261 0.000010
0.006603 0.198611 0.794776 0.000010
0.000010 0.104316 0.895664 0.000010
0.075851 0.000010 0.924129 0.000010
0.041168 0.000010 0.958812 0.000010
0.010361 0.000010 0.989619 0.000010
0.014743 0.067243 0.000010 0.918004
0.015751 0.099421 0.000010 0.884818
0.005157 0.023353 0.000010 0.971479
0.000010 0.000010 0.000010 0.999970
0.000010 0.000010 0.000010 0.999970
0.000010 0.000010 0.000010 0.999970
0.000010 0.000010 0.000010 0.999970
0.000010 0.003910 0.000010 0.996070
0.000010 0.000010 0.000010 0.999970
0.000323 0.000010 0.000010 0.999657
0.000010 0.000010 0.000010 0.999970
0.000014 0.005145 0.000010 0.994831
0.000010 0.000010 0.000010 0.999970
0.000010 0.000010 0.000010 0.999970
0.000010 0.000010 0.000010 0.999970
0.000010 0.000010 0.000010 0.999970
0.000010 0.000010 0.000010 0.999970
0.000010 0.000010 0.000010 0.999970
0.000010 0.017882 0.000010 0.982098
0.000010 0.000010 0.000010 0.999970
0.000010 0.000010 0.000010 0.999970
0.030955 0.019247 0.000010 0.949789
0.049896 0.021798 0.000010 0.928296
0.000010 0.000010 0.000010 0.999970
0.017093 0.000010 0.982887 0.000010
0.000010 0.076333 0.908463 0.015194
0.028402 0.015533 0.949906 0.006160
0.004492 0.000010 0.995488 0.000010
0.021568 0.007708 0.961688 0.009035
0.020424 0.000010 0.000010 0.979556
0.010298 0.000010 0.000010 0.989682
0.000010 0.000010 0.000010 0.999970
0.000010 0.000010 0.000010 0.999970
0.000010 0.000010 0.000010 0.999970
0.000010 0.000010 0.000010 0.999970
0.000010 0.020335 0.000010 0.979645
0.000010 0.000010 0.000010 0.999970
0.000010 0.000010 0.000010 0.999970
0.030501 0.022464 0.000010 0.947026
0.000010 0.000010 0.000010 0.999970
0.000010 0.000010 0.000010 0.999970
0.000010 0.015787 0.000010 0.984193
0.000010 0.000010 0.000010 0.999970
0.000010 0.000010 0.000010 0.999970
0.000010 0.029235 0.000010 0.970745
0.000010 0.011562 0.000010 0.988418
0.014823 0.000010 0.000010 0.985157
0.000010 0.009079 0.000010 0.990901
0.005841 0.000010 0.000010 0.994139
0.000010 0.000010 0.000010 0.999970
0.000010 0.000010 0.000010 0.999970
0.000010 0.002576 0.000010 0.997404
0.000010 0.005769 0.000010 0.994211
0.000010 0.022394 0.000010 0.977586
0.000010 0.021590 0.000010 0.978390
0.000673 0.000010 0.000010 0.999307
0.000010 0.031957 0.000010 0.968023
0.007250 0.012735 0.000010 0.980004
0.768771 0.188964 0.042256 0.000010
0.572357 0.388629 0.039004 0.000010
0.626651 0.295486 0.077853 0.000010
0.056516 0.043079 0.900395 0.000010
0.935682 0.055801 0.000010 0.008507
0.992349 0.005372 0.000010 0.002269
0.999970 0.000010 0.000010 0.000010
0.000010 0.000010 0.992534 0.007446
0.004058 0.041818 0.913951 0.040173
0.062771 0.052000 0.872830 0.012399
0.028526 0.000010 0.000010 0.971454
0.000010 0.000010 0.000010 0.999970
0.002419 0.000010 0.000010 0.997561
0.017006 0.000010 0.000010 0.982974
0.000010 0.000010 0.000010 0.999970
0.000016 0.000010 0.000010 0.999964
0.069158 0.000010 0.000010 0.930822
0.000010 0.000010 0.000010 0.999970
0.016855 0.025929 0.000010 0.957206
0.000010 0.000010 0.000010 0.999970
0.045187 0.047615 0.000010 0.907188
0.000010 0.000010 0.007179 0.992801
0.000010 0.000010 0.000010 0.999970
0.000010 0.000010 0.008963 0.991017
0.000010 0.000010 0.000010 0.999970
0.000010 0.015359 0.000010 0.984621
0.000010 0.000010 0.000010 0.999970
0.000010 0.000010 0.000010 0.999970
0.000010 0.000010 0.000010 0.999970
0.000010 0.000010 0.000010 0.999970
0.000010 0.026219 0.000010 0.973761
0.000010 0.018179 0.000010 0.981801
0.039858 0.205158 0.754975 0.000010
0.000010 0.041052 0.958928 0.000010
0.016242 0.102681 0.881067 0.000010
0.942863 0.036361 0.000010 0.020766
0.999970 0.000010 0.000010 0.000010
0.999970 0.000010 0.000010 0.000010
0.000010 0.000010 0.000010 0.999970
0.014032 0.000010 0.000010 0.985948
0.000010 0.000010 0.000010 0.999970
0.014395 0.000010 0.000010 0.985585
0.000010 0.000010 0.000010 0.999970
0.000010 0.000010 0.000010 0.999970
0.000010 0.028270 0.000010 0.971710
0.000010 0.000010 0.000010 0.999970
0.000010 0.000010 0.000010 0.999970
0.000010 0.000010 0.000010 0.999970
0.000010 0.000010 0.000010 0.999970
0.000010 0.000010 0.000010 0.999970
0.000010 0.000010 0.000010 0.999970
0.000010 0.004518 0.000010 0.995462
0.000010 0.000010 0.000010 0.999970
0.000010 0.000010 0.000010 0.999970
0.000010 0.000010 0.000010 0.999970
0.052322 0.000010 0.000010 0.947658
0.000010 0.000010 0.000010 0.999970
0.000010 0.000010 0.000010 0.999970
0.000010 0.024020 0.000010 0.975960
0.002089 0.997891 0.000010 0.000010
0.017176 0.975548 0.000010 0.007266
0.012330 0.970587 0.000010 0.017073
0.000010 0.948587 0.000010 0.051393
0.022328 0.976809 0.000010 0.000853
0.000010 0.957944 0.028578 0.013468
0.000010 0.976698 0.023282 0.000010
0.000010 0.982045 0.000010 0.017935
0.000010 0.919194 0.000010 0.080786
0.013963 0.986017 0.000010 0.000010
0.040062 0.948935 0.010993 0.000010
0.031755 0.939782 0.011941 0.016521
0.035734 0.928039 0.035727 0.000501
0.022359 0.977621 0.000010 0.000010
0.000010 0.959946 0.019707 0.020337
0.014434 0.977018 0.008538 0.000010
0.039724 0.945363 0.014903 0.000010
0.035133 0.911232 0.016673 0.036962
0.053463 0.946517 0.000010 0.000010
0.000010 0.000010 0.000010 0.999970
0.000010 0.072924 0.927056 0.000010
0.000010 0.000010 0.999970 0.000010
0.000010 0.003305 0.955823 0.040862
0.000010 0.235995 0.763985 0.000010
0.999970 0.000010 0.000010 0.000010
0.999970 0.000010 0.000010 0.000010
0.999970 0.000010 0.000010 0.000010
0.999970 0.000010 0.000010 0.000010
0.999970 0.000010 0.000010 0.000010
0.999970 0.000010 0.000010 0.000010
0.443546 0.552644 0.003801 0.000010
0.999970 0.000010 0.000010 0.000010
0.811108 0.162278 0.000010 0.026604
0.020998 0.000010 0.971249 0.007744
0.000010 0.031105 0.933270 0.035615
0.014122 0.028733 0.946537 0.010608
0.019658 0.256998 0.723334 0.000010
0.000010 0.024519 0.870563 0.104908
0.803490 0.196490 0.000010 0.000010
0.802277 0.197703 0.000010 0.000010
0.854907 0.145073 0.000010 0.000010
0.999970 0.000010 0.000010 0.000010
0.999970 0.000010 0.000010 0.000010
0.999970 0.000010 0.000010 0.000010
0.841611 0.158369 0.000010 0.000010
0.827607 0.172373 0.000010 0.000010
0.708664 0.286216 0.000010 0.005110
0.886929 0.113051 0.000010 0.000010
0.679112 0.320868 0.000010 0.000010
0.801930 0.198050 0.000010 0.000010
0.013380 0.000010 0.986600 0.000010
0.020608 0.000010 0.972790 0.006591
0.000010 0.000010 0.939618 0.060362
0.000010 0.112973 0.884626 0.002391
0.011510 0.173257 0.815223 0.000010
0.000010 0.000010 0.999970 0.000010
0.000010 0.074593 0.925387 0.000010
0.000010 0.000010 0.999970 0.000010
0.000010 0.015479 0.929293 0.055218
0.000010 0.211819 0.762847 0.025325
0.000010 0.060025 0.939955 0.000010
0.000010 0.000010 0.999970 0.000010
0.000010 0.140092 0.859888 0.000010
0.008955 0.028115 0.928554 0.034376
0.066002 0.111803 0.802190 0.020005
0.008503 0.045906 0.932095 0.013495
0.012950 0.000010 0.987030 0.000010
0.047050 0.032103 0.920837 0.000010
0.000010 0.000010 0.000010 0.999970
0.000010 0.000010 0.000010 0.999970
0.000010 0.000010 0.000010 0.999970
0.000010 0.000010 0.000010 0.999970
0.000010 0.000010 0.000010 0.999970
0.000010 0.000010 0.000010 0.999970
0.000010 0.000010 0.000010 0.999970
0.000010 0.000010 0.000010 0.999970
0.000010 0.000010 0.000010 0.999970
0.000010 0.026189 0.000010 0.973791
0.006185 0.000010 0.000010 0.993795
0.000010 0.000010 0.000010 0.999970
0.000010 0.000010 0.000010 0.999970
0.000010 0.000010 0.000010 0.999970
0.000010 0.000010 0.000010 0.999970
0.000010 0.000010 0.000010 0.999970
0.000010 0.000010 0.000010 0.999970
0.000010 0.000010 0.000010 0.999970
0.000010 0.010572 0.000010 0.989408
0.000010 0.000010 0.000010 0.999970
0.000010 0.000010 0.000010 0.999970
0.000010 0.000010 0.000010 0.999970
0.000010 0.000010 0.000010 0.999970
0.004131 0.000010 0.000010 0.995849
0.000010 0.000010 0.000010 0.999970
0.000010 0.000010 0.000010 0.999970
0.000010 0.000010 0.000010 0.999970
0.000010 0.000010 0.000010 0.999970
0.000010 0.002671 0.000010 0.997309
0.000010 0.000010 0.000010 0.999970
0.000010 0.000010 0.000010 0.999970
0.000010 0.000010 0.000010 0.999970
