0.000010 0.002316 0.000010 0.967542 0.000010 0.030112
0.000010 0.000010 0.000010 0.970214 0.000010 0.029746
0.000010 0.000010 0.000010 0.978806 0.021154 0.000010
0.000010 0.000010 0.000010 0.936022 0.000010 0.063938
0.000010 0.000010 0.000010 0.977501 0.000010 0.022459
0.000010 0.000010 0.000010 0.972153 0.011238 0.016578
0.000010 0.000010 0.000010 0.967382 0.000010 0.032578
0.000010 0.000010 0.000010 0.954006 0.005809 0.040155
0.016496 0.000010 0.000010 0.940218 0.001455 0.041811
0.000010 0.000010 0.000010 0.971843 0.000010 0.028117
0.000010 0.000010 0.000010 0.945266 0.000786 0.053918
0.012953 0.011221 0.000010 0.975796 0.000010 0.000010
0.000010 0.000010 0.000010 0.999950 0.000010 0.000010
0.000010 0.000010 0.000010 0.981883 0.000010 0.018077
0.000010 0.000010 0.000010 0.953287 0.001284 0.045399
0.000010 0.000010 0.000010 0.920850 0.010830 0.068291
0.000010 0.000010 0.000010 0.963449 0.000010 0.036511
0.003427 0.000010 0.006900 0.946467 0.000010 0.043185
0.000010 0.000010 0.000010 0.994880 0.005080 0.000010
0.000010 0.000010 0.000010 0.976645 0.000010 0.023315
0.000010 0.000010 0.000010 0.999950 0.000010 0.000010
0.000010 0.000010 0.000010 0.999950 0.000010 0.000010
0.000010 0.000010 0.000010 0.951960 0.007724 0.040285
0.016559 0.000010 0.000010 0.955288 0.020807 0.007325
0.000010 0.000010 0.000010 0.999950 0.000010 0.000010
0.000010 0.000010 0.000010 0.963417 0.015904 0.020649
0.000010 0.000010 0.000010 0.960707 0.000010 0.039253
0.000010 0.000010 0.000010 0.933379 0.018196 0.048395
0.000010 0.000010 0.000010 0.980629 0.000010 0.019331
0.000010 0.000010 0.000010 0.986648 0.000010 0.013312
0.000010 0.000010 0.000010 0.963661 0.000010 0.036299
0.000010 0.000010 0.000010 0.954011 0.000010 0.045949
0.000010 0.000010 0.000010 0.999950 0.000010 0.000010
0.007412 0.000010 0.000010 0.973591 0.004101 0.014875
0.000010 0.000010 0.000010 0.982281 0.000010 0.017679
0.000010 0.000010 0.000010 0.999950 0.000010 0.000010
0.000010 0.000010 0.000010 0.987391 0.000010 0.012569
0.000010 0.000010 0.000010 0.963731 0.019901 0.016338
0.000010 0.000010 0.000010 0.944076 0.007746 0.048148
0.000010 0.000010 0.000010 0.965001 0.000010 0.034959
0.000010 0.003564 0.000010 0.988872 0.007534 0.000010
0.000010 0.000010 0.000010 0.965468 0.034492 0.000010
0.000010 0.000010 0.000010 0.977257 0.006009 0.016704
0.000010 0.000010 0.000010 0.987250 0.000010 0.012710
0.000010 0.000010 0.000010 0.977874 0.000010 0.022086
0.000010 0.000010 0.000010 0.977054 0.000754 0.022161
0.000010 0.000010 0.000010 0.999950 0.000010 0.000010
0.000010 0.000010 0.000010 0.999950 0.000010 0.000010
0.000010 0.000010 0.000010 0.981134 0.018826 0.000010
0.000010 0.000010 0.000010 0.989026 0.010934 0.000010
0.000010 0.009869 0.000010 0.983187 0.006915 0.000010
0.000010 0.000010 0.000010 0.966815 0.012074 0.021080
0.000010 0.000010 0.000010 0.989555 0.000010 0.010405
0.000010 0.000010 0.000010 0.987679 0.012281 0.000010
0.000010 0.000010 0.000010 0.978561 0.000010 0.021399
0.000010 0.000010 0.000010 0.955171 0.000010 0.044789
0.000010 0.000010 0.000010 0.945933 0.016076 0.037961
0.000010 0.000010 0.000010 0.983984 0.000010 0.015976
0.000010 0.000010 0.000010 0.999950 0.000010 0.000010
0.000010 0.000010 0.000010 0.966460 0.000010 0.033500
0.000010 0.000010 0.000010 0.975319 0.000010 0.024641
0.000010 0.000010 0.000010 0.948516 0.045442 0.006013
0.000010 0.011625 0.000010 0.985775 0.000010 0.002570
0.000010 0.000010 0.000010 0.952024 0.015979 0.031968
0.086033 0.000010 0.000010 0.888243 0.025694 0.000010
0.100694 0.000010 0.000010 0.857526 0.030792 0.010969
0.046536 0.000010 0.000010 0.939293 0.014141 0.000010
0.040040 0.050711 0.000010 0.876035 0.033193 0.000010
0.111107 0.000010 0.000010 0.824153 0.055349 0.009371
0.050735 0.000010 0.000010 0.931927 0.010702 0.006617
0.048834 0.000010 0.000010 0.870384 0.020449 0.060312
0.047891 0.000010 0.000010 0.934791 0.003946 0.013353
0.032049 0.000010 0.000010 0.935298 0.009404 0.023229
0.032270 0.000010 0.000010 0.954618 0.013082 0.000010
0.096779 0.000010 0.000010 0.849420 0.000010 0.053771
0.073579 0.000010 0.000010 0.896421 0.000010 0.029970
0.042701 0.000010 0.000010 0.894363 0.046197 0.016719
0.076754 0.000010 0.000010 0.885711 0.037505 0.000010
0.015917 0.037529 0.000010 0.915016 0.026149 0.005380
0.069154 0.000010 0.000010 0.895320 0.032472 0.003034
0.075454 0.000010 0.000010 0.903166 0.002734 0.018626
0.000010 0.000010 0.000010 0.979303 0.013717 0.006950
0.000010 0.000010 0.000010 0.971327 0.000010 0.028633
0.000010 0.000010 0.000010 0.974993 0.000010 0.024967
0.000010 0.000010 0.000010 0.968616 0.000010 0.031344
0.000010 0.000010 0.000010 0.993211 0.006749 0.000010
0.000010 0.000010 0.000010 0.979759 0.020201 0.000010
0.000010 0.000010 0.000010 0.999950 0.000010 0.000010
0.000010 0.000010 0.000010 0.993708 0.000010 0.006252
0.000010 0.000010 0.000010 0.968171 0.000010 0.031789
0.000010 0.000010 0.000010 0.989613 0.000010 0.010347
0.000010 0.000010 0.000010 0.988230 0.011730 0.000010
0.000010 0.000010 0.000010 0.953547 0.024706 0.021717
0.000010 0.010061 0.000010 0.958390 0.010860 0.020669
0.000010 0.000010 0.000010 0.905216 0.000010 0.094744
0.000010 0.000010 0.000010 0.960659 0.039301 0.000010
0.000010 0.000010 0.000010 0.964600 0.015766 0.019604
0.000010 0.000010 0.000010 0.973048 0.010531 0.016390
0.006758 0.000010 0.000010 0.993202 0.000010 0.000010
0.000010 0.000010 0.000010 0.972673 0.007458 0.019839
0.000010 0.000010 0.000010 0.980555 0.000010 0.019405
0.000010 0.000010 0.000010 0.999950 0.000010 0.000010
0.000010 0.000010 0.000010 0.965629 0.011992 0.022349
0.000010 0.000010 0.000010 0.999950 0.000010 0.000010
0.000010 0.000010 0.000010 0.999950 0.000010 0.000010
0.000010 0.000010 0.000010 0.999950 0.000010 0.000010
0.000010 0.000010 0.000010 0.992767 0.000010 0.007193
0.000010 0.002154 0.000010 0.997806 0.000010 0.000010
0.000010 0.000010 0.000010 0.983290 0.012985 0.003695
0.000010 0.005935 0.000010 0.982804 0.005705 0.005535
0.000010 0.000010 0.000010 0.979693 0.000010 0.020267
0.000010 0.000010 0.000010 0.990863 0.009097 0.000010
0.000010 0.000010 0.000010 0.978484 0.000010 0.021476
0.000010 0.000010 0.000010 0.958821 0.003464 0.037685
0.000010 0.010571 0.000010 0.989389 0.000010 0.000010
0.080657 0.000010 0.000010 0.893072 0.006571 0.019679
0.123194 0.000010 0.000010 0.876176 0.000600 0.000010
0.055524 0.000010 0.000010 0.943407 0.001039 0.000010
0.061184 0.000010 0.000010 0.830002 0.074905 0.033889
0.026033 0.063552 0.000010 0.868292 0.014074 0.028039
0.074508 0.000010 0.000010 0.861272 0.056490 0.007710
0.104897 0.000010 0.000010 0.839501 0.042431 0.013151
0.062884 0.000010 0.000010 0.937076 0.000010 0.000010
0.039341 0.000010 0.000010 0.950689 0.009940 0.000010
0.079469 0.000010 0.000010 0.909201 0.011299 0.000010
0.066017 0.000010 0.000010 0.885688 0.023053 0.025223
0.028101 0.008453 0.000010 0.923260 0.039660 0.000516
0.043757 0.000010 0.000010 0.868127 0.051826 0.036270
0.063670 0.000010 0.000010 0.925511 0.010789 0.000010
0.062780 0.000010 0.000010 0.895447 0.023240 0.018513
0.068985 0.000010 0.000010 0.913961 0.017024 0.000010
0.057565 0.000010 0.000010 0.885957 0.022358 0.034101
0.041614 0.000010 0.000010 0.889107 0.037543 0.031716
0.012440 0.000010 0.000010 0.935634 0.051896 0.000010
0.075528 0.002656 0.000010 0.899373 0.022423 0.000010
0.038506 0.000010 0.000010 0.915695 0.045769 0.000010
0.023616 0.000010 0.000010 0.954009 0.022345 0.000010
0.017181 0.000010 0.000010 0.911141 0.018579 0.053078
0.027593 0.037373 0.000010 0.885891 0.028067 0.021065
0.051515 0.000010 0.000010 0.922681 0.025774 0.000010
0.037031 0.000010 0.000010 0.894144 0.022487 0.046317
0.066300 0.000010 0.000010 0.889644 0.044026 0.000010
0.060296 0.029038 0.000010 0.837477 0.031709 0.041470
0.037426 0.000252 0.000010 0.926477 0.035825 0.000010
0.059335 0.000010 0.000010 0.906046 0.034589 0.000010
0.096451 0.000010 0.000010 0.847741 0.010246 0.045542
0.050726 0.000010 0.000010 0.895862 0.021879 0.031513
0.069938 0.000010 0.000010 0.852530 0.051153 0.026359
0.043578 0.000010 0.000010 0.906937 0.049455 0.000010
0.007303 0.027596 0.000010 0.894766 0.032864 0.037461
0.078916 0.000010 0.000010 0.872132 0.048922 0.000010
0.063627 0.000010 0.000010 0.910178 0.000010 0.026164
0.046951 0.001346 0.000010 0.870941 0.045707 0.035045
0.093570 0.000010 0.000010 0.815505 0.052490 0.038414
0.061952 0.000476 0.000010 0.876848 0.060703 0.000010
0.022574 0.013243 0.000010 0.945300 0.018863 0.000010
0.044159 0.000010 0.000010 0.917941 0.018226 0.019654
0.095169 0.000010 0.000010 0.894649 0.010153 0.000010
0.004781 0.006080 0.000010 0.975207 0.013911 0.000010
0.015888 0.000010 0.000010 0.895681 0.022347 0.066063
0.013773 0.043932 0.000010 0.894495 0.047780 0.000010
0.041075 0.000010 0.000010 0.852624 0.025298 0.080983
0.055332 0.000010 0.000010 0.900104 0.044534 0.000010
0.059848 0.000010 0.000010 0.907614 0.006978 0.025541
0.010007 0.044341 0.000010 0.908261 0.016481 0.020900
0.068809 0.000010 0.000010 0.867758 0.030625 0.032788
0.028465 0.000010 0.000010 0.942499 0.029006 0.000010
0.062619 0.000010 0.000010 0.876452 0.051833 0.009076
0.023715 0.000010 0.000010 0.972670 0.003585 0.000010
0.024140 0.000010 0.000010 0.954192 0.021637 0.000010
0.057997 0.000010 0.000010 0.887330 0.054642 0.000010
0.039668 0.000010 0.000010 0.957187 0.003114 0.000010
0.052115 0.003166 0.000010 0.919320 0.025379 0.000010
0.049184 0.000010 0.000010 0.916562 0.027265 0.006969
0.098717 0.000010 0.000010 0.850974 0.050279 0.000010
0.037456 0.000010 0.000010 0.903420 0.000010 0.059094
0.061755 0.000010 0.000010 0.936066 0.000010 0.002149
0.036643 0.004192 0.000010 0.901299 0.057845 0.000010
0.088413 0.000010 0.000010 0.869163 0.042394 0.000010
0.038582 0.000010 0.000010 0.898591 0.062797 0.000010
0.056989 0.000010 0.000010 0.908801 0.000010 0.034181
0.000010 0.047249 0.000010 0.892623 0.023116 0.036991
0.043397 0.003244 0.000010 0.906527 0.046812 0.000010
0.088245 0.000010 0.000010 0.860947 0.037063 0.013724
0.020830 0.017962 0.000010 0.913816 0.038322 0.009061
0.105361 0.000010 0.000010 0.828617 0.044903 0.021098
0.131650 0.000010 0.000010 0.827790 0.040530 0.000010
0.097181 0.000010 0.000010 0.852186 0.050603 0.000010
0.055249 0.000010 0.000010 0.904600 0.033895 0.006236
0.049178 0.000010 0.000010 0.948007 0.002785 0.000010
0.097134 0.000010 0.000010 0.860278 0.042315 0.000254
0.074633 0.000010 0.000010 0.925048 0.000290 0.000010
0.025045 0.000010 0.000010 0.916403 0.046969 0.011563
0.025099 0.000010 0.000010 0.946166 0.012963 0.015752
0.065668 0.000010 0.000010 0.921666 0.012636 0.000010
0.054366 0.000010 0.000010 0.925367 0.020237 0.000010
0.045813 0.000010 0.000010 0.933796 0.020361 0.000010
0.056460 0.000010 0.000010 0.897452 0.046058 0.000010
0.462054 0.537906 0.000010 0.000010 0.000010 0.000010
0.355637 0.644323 0.000010 0.000010 0.000010 0.000010
0.299465 0.700495 0.000010 0.000010 0.000010 0.000010
0.365089 0.634871 0.000010 0.000010 0.000010 0.000010
0.358460 0.641494 0.000010 0.000016 0.000010 0.000010
0.376983 0.622977 0.000010 0.000010 0.000010 0.000010
0.480310 0.519644 0.000015 0.000010 0.000010 0.000010
0.415489 0.584471 0.000010 0.000010 0.000010 0.000010
0.542416 0.457540 0.000014 0.000010 0.000010 0.000010
0.458470 0.541490 0.000010 0.000010 0.000010 0.000010
0.375052 0.624908 0.000010 0.000010 0.000010 0.000010
0.439420 0.560540 0.000010 0.000010 0.000010 0.000010
0.360609 0.639351 0.000010 0.000010 0.000010 0.000010
0.489324 0.510636 0.000010 0.000010 0.000010 0.000010
0.374628 0.625332 0.000010 0.000010 0.000010 0.000010
0.406174 0.591046 0.000010 0.000010 0.002750 0.000010
0.285912 0.714048 0.000010 0.000010 0.000010 0.000010
0.358996 0.640964 0.000010 0.000010 0.000010 0.000010
0.323619 0.676341 0.000010 0.000010 0.000010 0.000010
0.418977 0.580983 0.000010 0.000010 0.000010 0.000010
0.343968 0.655992 0.000010 0.000010 0.000010 0.000010
0.273449 0.726511 0.000010 0.000010 0.000010 0.000010
0.297241 0.702719 0.000010 0.000010 0.000010 0.000010
0.235802 0.764158 0.000010 0.000010 0.000010 0.000010
0.438812 0.561148 0.000010 0.000010 0.000010 0.000010
0.315646 0.684314 0.000010 0.000010 0.000010 0.000010
0.395167 0.604790 0.000013 0.000010 0.000010 0.000010
0.423013 0.576947 0.000010 0.000010 0.000010 0.000010
0.425710 0.574250 0.000010 0.000010 0.000010 0.000010
0.395879 0.604081 0.000010 0.000010 0.000010 0.000010
0.448257 0.551703 0.000010 0.000010 0.000010 0.000010
0.496198 0.503762 0.000010 0.000010 0.000010 0.000010
0.450927 0.549033 0.000010 0.000010 0.000010 0.000010
0.479566 0.520394 0.000010 0.000010 0.000010 0.000010
0.387584 0.612375 0.000011 0.000010 0.000010 0.000010
0.431377 0.568583 0.000010 0.000010 0.000010 0.000010
0.405880 0.594080 0.000010 0.000010 0.000010 0.000010
0.428503 0.571457 0.000010 0.000010 0.000010 0.000010
0.445397 0.554563 0.000010 0.000010 0.000010 0.000010
0.456864 0.543096 0.000010 0.000010 0.000010 0.000010
0.405951 0.594009 0.000010 0.000010 0.000010 0.000010
0.390806 0.609154 0.000010 0.000010 0.000010 0.000010
0.428629 0.571331 0.000010 0.000010 0.000010 0.000010
0.363691 0.636269 0.000010 0.000010 0.000010 0.000010
0.348057 0.651903 0.000010 0.000010 0.000010 0.000010
0.513321 0.486639 0.000010 0.000010 0.000010 0.000010
0.423717 0.576234 0.000018 0.000010 0.000010 0.000010
0.514494 0.484777 0.000010 0.000010 0.000699 0.000010
0.445102 0.554849 0.000020 0.000010 0.000010 0.000010
0.458789 0.541171 0.000010 0.000010 0.000010 0.000010
0.470879 0.529081 0.000010 0.000010 0.000010 0.000010
0.373151 0.626809 0.000010 0.000010 0.000010 0.000010
0.451110 0.548850 0.000010 0.000010 0.000010 0.000010
0.391548 0.608412 0.000010 0.000010 0.000010 0.000010
0.288144 0.711816 0.000010 0.000010 0.000010 0.000010
0.515370 0.484590 0.000010 0.000010 0.000010 0.000010
0.380007 0.619953 0.000010 0.000010 0.000010 0.000010
0.434475 0.565158 0.000010 0.000010 0.000337 0.000010
0.445234 0.554726 0.000010 0.000010 0.000010 0.000010
0.456190 0.543767 0.000010 0.000010 0.000013 0.000010
0.366011 0.633949 0.000010 0.000010 0.000010 0.000010
0.419338 0.580617 0.000015 0.000010 0.000010 0.000010
0.394837 0.605123 0.000010 0.000010 0.000010 0.000010
0.458393 0.534653 0.000010 0.000010 0.006924 0.000010
0.209257 0.790703 0.000010 0.000010 0.000010 0.000010
0.310014 0.689946 0.000010 0.000010 0.000010 0.000010
0.000010 0.000010 0.069815 0.717383 0.180533 0.032248
0.000010 0.000010 0.085933 0.855443 0.005977 0.052628
0.000010 0.000010 0.185036 0.481725 0.325447 0.007772
0.004931 0.000010 0.045842 0.763728 0.143469 0.042019
0.000010 0.000010 0.113078 0.647617 0.229450 0.009835
0.404664 0.595296 0.000010 0.000010 0.000010 0.000010
0.349684 0.650276 0.000010 0.000010 0.000010 0.000010
0.400803 0.599157 0.000010 0.000010 0.000010 0.000010
0.539595 0.460365 0.000010 0.000010 0.000010 0.000010
0.502786 0.497174 0.000010 0.000010 0.000010 0.000010
0.497933 0.502025 0.000011 0.000010 0.000010 0.000010
0.461052 0.534394 0.000010 0.000010 0.004524 0.000010
0.351928 0.648022 0.000020 0.000010 0.000010 0.000010
0.421172 0.578788 0.000010 0.000010 0.000010 0.000010
0.403229 0.596731 0.000010 0.000010 0.000010 0.000010
0.598786 0.401174 0.000010 0.000010 0.000010 0.000010
0.464997 0.534963 0.000010 0.000010 0.000010 0.000010
0.456434 0.543519 0.000017 0.000010 0.000010 0.000010
0.538464 0.461496 0.000010 0.000010 0.000010 0.000010
0.508448 0.491512 0.000010 0.000010 0.000010 0.000010
0.309355 0.690605 0.000010 0.000010 0.000010 0.000010
0.416159 0.583801 0.000010 0.000010 0.000010 0.000010
0.312817 0.687143 0.000010 0.000010 0.000010 0.000010
0.331307 0.668652 0.000010 0.000010 0.000010 0.000010
0.293267 0.685208 0.000010 0.000010 0.000010 0.021495
0.311956 0.688004 0.000010 0.000010 0.000010 0.000010
0.696394 0.279914 0.000010 0.000010 0.013539 0.010133
0.405261 0.594699 0.000010 0.000010 0.000010 0.000010
0.640327 0.359633 0.000010 0.000010 0.000010 0.000010
0.540243 0.456978 0.000010 0.000010 0.002749 0.000010
0.452808 0.547152 0.000010 0.000010 0.000010 0.000010
0.496234 0.503726 0.000010 0.000010 0.000010 0.000010
0.527514 0.472439 0.000016 0.000010 0.000010 0.000010
0.415749 0.584211 0.000010 0.000010 0.000010 0.000010
0.528376 0.471584 0.000011 0.000010 0.000010 0.000010
0.422321 0.577639 0.000010 0.000010 0.000010 0.000010
0.461092 0.538868 0.000010 0.000010 0.000010 0.000010
0.439311 0.560645 0.000014 0.000010 0.000010 0.000010
0.372151 0.627808 0.000010 0.000011 0.000010 0.000010
0.408860 0.591100 0.000010 0.000010 0.000010 0.000010
0.335037 0.664923 0.000010 0.000010 0.000010 0.000010
0.438832 0.561124 0.000014 0.000010 0.000010 0.000010
0.554724 0.445236 0.000010 0.000010 0.000010 0.000010
0.502980 0.496979 0.000010 0.000010 0.000010 0.000010
0.341540 0.658420 0.000010 0.000010 0.000010 0.000010
0.434454 0.565506 0.000010 0.000010 0.000010 0.000010
0.369698 0.630262 0.000010 0.000010 0.000010 0.000010
0.376114 0.623846 0.000010 0.000010 0.000010 0.000010
0.386306 0.613654 0.000010 0.000010 0.000010 0.000010
0.370721 0.629239 0.000010 0.000010 0.000010 0.000010
0.354388 0.645572 0.000010 0.000010 0.000010 0.000010
0.591480 0.408480 0.000010 0.000010 0.000010 0.000010
0.501773 0.498187 0.000010 0.000010 0.000010 0.000010
0.000010 0.038837 0.145726 0.635863 0.135311 0.044252
0.000010 0.000010 0.203229 0.734835 0.056486 0.005430
0.000010 0.000010 0.159105 0.683665 0.108501 0.048709
0.000252 0.000010 0.018468 0.782345 0.160170 0.038754
0.000010 0.000010 0.054662 0.598373 0.298612 0.048332
0.000010 0.000010 0.029284 0.607225 0.313974 0.049497
0.190840 0.809120 0.000010 0.000010 0.000010 0.000010
0.187801 0.812159 0.000010 0.000010 0.000010 0.000010
0.151261 0.848699 0.000010 0.000010 0.000010 0.000010
0.230561 0.769399 0.000010 0.000010 0.000010 0.000010
0.272956 0.727004 0.000010 0.000010 0.000010 0.000010
0.241006 0.758954 0.000010 0.000010 0.000010 0.000010
0.286217 0.713743 0.000010 0.000010 0.000010 0.000010
0.366682 0.633278 0.000010 0.000010 0.000010 0.000010
0.364556 0.635404 0.000010 0.000010 0.000010 0.000010
0.294484 0.705476 0.000010 0.000010 0.000010 0.000010
0.149837 0.850123 0.000010 0.000010 0.000010 0.000010
0.190531 0.809423 0.000010 0.000010 0.000016 0.000010
0.431307 0.568653 0.000010 0.000010 0.000010 0.000010
0.260281 0.739679 0.000010 0.000010 0.000010 0.000010
0.366610 0.633350 0.000010 0.000010 0.000010 0.000010
0.361227 0.638733 0.000010 0.000010 0.000010 0.000010
0.343487 0.656473 0.000010 0.000010 0.000010 0.000010
0.340601 0.659359 0.000010 0.000010 0.000010 0.000010
0.237419 0.762541 0.000010 0.000010 0.000010 0.000010
0.205741 0.794219 0.000010 0.000010 0.000010 0.000010
0.215837 0.784123 0.000010 0.000010 0.000010 0.000010
0.285991 0.713969 0.000010 0.000010 0.000010 0.000010
0.249538 0.750422 0.000010 0.000010 0.000010 0.000010
0.288937 0.711023 0.000010 0.000010 0.000010 0.000010
0.239524 0.760436 0.000010 0.000010 0.000010 0.000010
0.313314 0.686639 0.000010 0.000010 0.000017 0.000010
0.244149 0.755811 0.000010 0.000010 0.000010 0.000010
0.348663 0.651297 0.000010 0.000010 0.000010 0.000010
0.286705 0.713255 0.000010 0.000010 0.000010 0.000010
0.273109 0.726851 0.000010 0.000010 0.000010 0.000010
0.349606 0.650354 0.000010 0.000010 0.000010 0.000010
0.321234 0.678726 0.000010 0.000010 0.000010 0.000010
0.320074 0.679886 0.000010 0.000010 0.000010 0.000010
0.281879 0.718081 0.000010 0.000010 0.000010 0.000010
0.216570 0.783384 0.000016 0.000010 0.000010 0.000010
0.209339 0.790621 0.000010 0.000010 0.000010 0.000010
0.225582 0.774378 0.000010 0.000010 0.000010 0.000010
0.287795 0.712165 0.000010 0.000010 0.000010 0.000010
0.231806 0.768154 0.000010 0.000010 0.000010 0.000010
0.000621 0.000010 0.025383 0.861973 0.071054 0.040960
0.000010 0.003088 0.015651 0.688519 0.247253 0.045479
0.000010 0.000010 0.020275 0.753772 0.160976 0.064957
0.000010 0.000010 0.165961 0.543533 0.290476 0.000010
0.000010 0.002476 0.098646 0.678903 0.219955 0.000010
0.000010 0.000010 0.005608 0.758114 0.203281 0.032977
0.000010 0.000010 0.112732 0.667273 0.208862 0.011114
0.000010 0.000010 0.100573 0.661974 0.219940 0.017493
0.000010 0.000010 0.000010 0.802878 0.192583 0.004509
0.000010 0.017077 0.090516 0.562804 0.320768 0.008825
0.000010 0.000010 0.020176 0.686213 0.250912 0.042679
0.032022 0.967938 0.000010 0.000010 0.000010 0.000010
0.009943 0.990017 0.000010 0.000010 0.000010 0.000010
0.000010 0.992876 0.000010 0.000010 0.000010 0.007084
0.000010 0.999950 0.000010 0.000010 0.000010 0.000010
0.000010 0.992037 0.000010 0.000010 0.000010 0.007923
0.009309 0.979647 0.000010 0.000010 0.000010 0.011014
0.080399 0.919560 0.000010 0.000010 0.000012 0.000010
0.107480 0.885225 0.000010 0.000010 0.007266 0.000010
0.000010 0.999950 0.000010 0.000010 0.000010 0.000010
0.000011 0.993378 0.000010 0.000010 0.006580 0.000010
0.092697 0.907257 0.000017 0.000010 0.000010 0.000010
0.103530 0.896430 0.000010 0.000010 0.000010 0.000010
0.068489 0.931463 0.000018 0.000010 0.000010 0.000010
0.045300 0.954660 0.000010 0.000010 0.000010 0.000010
0.000010 0.999950 0.000010 0.000010 0.000010 0.000010
0.017292 0.981007 0.000010 0.000010 0.001670 0.000010
0.000010 0.999950 0.000010 0.000010 0.000010 0.000010
0.000010 0.000010 0.110554 0.802523 0.086894 0.000010
0.000010 0.000010 0.045079 0.842687 0.112204 0.000010
0.000010 0.004872 0.267537 0.547339 0.156089 0.024152
0.000010 0.001959 0.139310 0.674554 0.184157 0.000010
0.000010 0.052280 0.191420 0.450044 0.306236 0.000010
0.000010 0.000010 0.266862 0.566539 0.166569 0.000010
0.000010 0.000010 0.273305 0.410765 0.268130 0.047780
0.000010 0.000010 0.096207 0.695797 0.182601 0.025376
0.000010 0.005501 0.228897 0.555003 0.186048 0.024540
0.000010 0.000010 0.165024 0.646890 0.123196 0.064870
0.000010 0.000010 0.037503 0.839673 0.089913 0.032891
0.000010 0.000010 0.122936 0.590045 0.286989 0.000010
0.000010 0.000010 0.072052 0.757763 0.170155 0.000010
0.012696 0.000010 0.077499 0.618063 0.278327 0.013404
0.000010 0.002534 0.114763 0.702940 0.179743 0.000010
0.000010 0.000010 0.106100 0.725294 0.168576 0.000010
0.000010 0.000010 0.030409 0.838831 0.130729 0.000010
0.000010 0.000010 0.036367 0.796346 0.161998 0.005270
0.000010 0.004947 0.010159 0.859538 0.124734 0.000611
0.000010 0.000010 0.045569 0.721422 0.206424 0.026564
0.007148 0.000010 0.065917 0.769441 0.109882 0.047602
0.000010 0.005940 0.065720 0.803486 0.101599 0.023245
0.000010 0.000010 0.046069 0.824641 0.052246 0.077023
0.000010 0.000010 0.026087 0.741826 0.205724 0.026344
0.000010 0.000010 0.106489 0.515549 0.344895 0.033048
0.000010 0.000010 0.042051 0.706443 0.236952 0.014534
0.000428 0.000010 0.226632 0.559636 0.193817 0.019478
0.000010 0.000010 0.208943 0.589900 0.199941 0.001197
0.004658 0.000010 0.377584 0.449211 0.161751 0.006786
0.000010 0.000010 0.188841 0.735755 0.067419 0.007965
0.000010 0.000010 0.148619 0.632032 0.151872 0.067457
0.000010 0.000010 0.158284 0.711222 0.108958 0.021516
0.000010 0.000010 0.149718 0.707557 0.104447 0.038257
0.001818 0.007304 0.149566 0.662409 0.135975 0.042928
0.000010 0.000010 0.204460 0.703458 0.046979 0.045083
0.000010 0.000010 0.069124 0.766136 0.107034 0.057686
0.000010 0.000010 0.078869 0.760423 0.160677 0.000010
0.000010 0.001251 0.104934 0.706231 0.168114 0.019459
0.000010 0.000010 0.065927 0.825237 0.079893 0.028923
0.000010 0.000010 0.199450 0.664536 0.118374 0.017620
0.007608 0.000010 0.063837 0.727768 0.200767 0.000010
0.000010 0.001778 0.080704 0.701911 0.184416 0.031182
0.000010 0.000010 0.048328 0.854710 0.091280 0.005662
0.000010 0.000010 0.070448 0.752310 0.150368 0.026855
0.000010 0.000010 0.375892 0.572746 0.051332 0.000010
0.000010 0.000010 0.415367 0.433412 0.135898 0.015304
0.000010 0.007021 0.398712 0.476844 0.113544 0.003869
0.004346 0.000010 0.250007 0.617336 0.128291 0.000010
0.008478 0.000010 0.129549 0.748214 0.112929 0.000820
0.000010 0.000010 0.008934 0.861735 0.129302 0.000010
0.000010 0.000010 0.000010 0.727240 0.272720 0.000010
0.000010 0.000010 0.000010 0.811585 0.188375 0.000010
0.000010 0.000010 0.294568 0.533591 0.166564 0.005257
0.000010 0.000388 0.028922 0.844728 0.125942 0.000010
0.000010 0.000010 0.215018 0.697348 0.087604 0.000010
0.000010 0.013314 0.013776 0.821466 0.151424 0.000010
0.000010 0.000010 0.218639 0.617994 0.111955 0.051392
0.016091 0.000010 0.187747 0.640157 0.131854 0.024141
0.000010 0.000010 0.078078 0.637108 0.284784 0.000010
0.000010 0.000010 0.002596 0.596438 0.400936 0.000010
0.000010 0.000010 0.054692 0.649223 0.296054 0.000010
0.000010 0.000010 0.162638 0.531987 0.292316 0.013038
0.000010 0.000010 0.015808 0.658644 0.275436 0.050093
0.000010 0.000010 0.048843 0.619324 0.318867 0.012946
0.000010 0.000010 0.170776 0.646477 0.158941 0.023786
0.005265 0.007731 0.181410 0.303757 0.491795 0.010042
0.000010 0.000010 0.109099 0.560364 0.330507 0.000010
0.000010 0.000428 0.211478 0.464648 0.314703 0.008734
0.000010 0.000010 0.025747 0.777074 0.072899 0.124260
0.000010 0.005008 0.065203 0.657007 0.238262 0.034509
0.000010 0.029446 0.086376 0.690388 0.182761 0.011018
0.000010 0.000010 0.270616 0.597007 0.106292 0.026065
0.000010 0.036180 0.288144 0.596164 0.059318 0.020185
0.000010 0.000010 0.054705 0.736731 0.132159 0.076385
0.000010 0.009863 0.090407 0.826795 0.069083 0.003842
0.000010 0.000010 0.089776 0.688733 0.174555 0.046916
0.000010 0.000010 0.125546 0.674561 0.137164 0.062710
0.009483 0.022294 0.098403 0.598427 0.253207 0.018185
0.000010 0.018180 0.131133 0.657911 0.124203 0.068563
0.000010 0.000010 0.153034 0.765925 0.081010 0.000010
0.000010 0.026828 0.259647 0.539955 0.173550 0.000010
0.000010 0.000010 0.112269 0.700746 0.186955 0.000010
0.000010 0.000010 0.173827 0.721690 0.104453 0.000010
0.000010 0.000010 0.091855 0.534909 0.373206 0.000010
0.029073 0.000010 0.143621 0.645465 0.181821 0.000010
0.000010 0.000010 0.117231 0.535506 0.333633 0.013610
0.004654 0.010329 0.119570 0.539414 0.296302 0.029730
0.000010 0.000010 0.043298 0.694764 0.216899 0.045019
0.000010 0.000010 0.045448 0.698068 0.210458 0.046007
0.000010 0.000010 0.000010 0.777469 0.222491 0.000010
0.000010 0.003603 0.348854 0.527861 0.119662 0.000010
0.000010 0.000010 0.171876 0.663036 0.163668 0.001401
0.006155 0.009281 0.115091 0.688553 0.137118 0.043802
0.000010 0.000010 0.119489 0.657015 0.223466 0.000010
0.000010 0.000010 0.173157 0.684424 0.109951 0.032448
0.000010 0.000010 0.607406 0.215168 0.174366 0.003040
0.000010 0.010330 0.479153 0.389989 0.092072 0.028447
0.000010 0.004344 0.514773 0.333757 0.117615 0.029502
0.000010 0.000010 0.103142 0.724990 0.169537 0.002311
0.000010 0.000010 0.039979 0.850949 0.066158 0.042893
0.001707 0.000010 0.241948 0.624157 0.132168 0.000010
0.000010 0.000010 0.097486 0.465719 0.371146 0.065628
0.000010 0.000010 0.000010 0.670302 0.316666 0.013003
0.000010 0.000010 0.079217 0.559540 0.312786 0.048437
0.008927 0.000010 0.040111 0.683099 0.267843 0.000010
0.000010 0.027340 0.101740 0.635311 0.211087 0.024512
0.000010 0.031109 0.040005 0.690273 0.238593 0.000010
0.005253 0.000010 0.000010 0.772103 0.222614 0.000010
0.000010 0.000010 0.000010 0.654294 0.332217 0.013460
0.000010 0.000010 0.000010 0.796910 0.199363 0.003697
0.001830 0.015555 0.052317 0.821221 0.109067 0.000010
0.000010 0.000010 0.247637 0.536020 0.216313 0.000010
0.017635 0.000010 0.167546 0.639715 0.175084 0.000010
0.000010 0.000010 0.132112 0.602288 0.235867 0.029713
0.000010 0.000010 0.216278 0.514105 0.176766 0.092831
0.000010 0.000010 0.278254 0.500581 0.197903 0.023243
0.007620 0.057407 0.073309 0.687366 0.174287 0.000010
0.000010 0.000010 0.000010 0.890304 0.109656 0.000010
0.024705 0.058787 0.074078 0.731056 0.111364 0.000010
0.000010 0.027820 0.000010 0.717144 0.255006 0.000010
0.000010 0.000010 0.033445 0.599811 0.327984 0.038739
0.000010 0.000010 0.038329 0.667557 0.264017 0.030078
0.000991 0.000010 0.143461 0.797063 0.048998 0.009477
0.010993 0.000010 0.192919 0.750132 0.014820 0.031126
0.000010 0.002568 0.050368 0.702235 0.204795 0.040023
0.000010 0.001304 0.150538 0.607958 0.227343 0.012847
0.000010 0.000010 0.000010 0.987840 0.008389 0.003740
0.016131 0.000010 0.000010 0.212903 0.770936 0.000010
0.000010 0.000010 0.271268 0.470475 0.242674 0.015563
0.000010 0.008122 0.137244 0.265353 0.589261 0.000010
0.000010 0.018291 0.015677 0.470382 0.495629 0.000010
0.001848 0.000010 0.040835 0.729601 0.227696 0.000010
0.000010 0.002003 0.049741 0.518712 0.429524 0.000010
0.000010 0.000010 0.000010 0.797403 0.202557 0.000010
0.000010 0.000010 0.020638 0.362751 0.590801 0.025791
0.000010 0.000010 0.000010 0.634853 0.365107 0.000010
0.000010 0.000776 0.050023 0.488740 0.423012 0.037439
0.000010 0.000010 0.032982 0.585326 0.349537 0.032135
0.000010 0.000010 0.077046 0.580558 0.312354 0.030022
0.000010 0.000010 0.000010 0.799262 0.200698 0.000010
0.000010 0.017698 0.001595 0.759188 0.212430 0.009079
0.000010 0.002450 0.000010 0.775111 0.222408 0.000010
0.000010 0.015064 0.037190 0.720550 0.227175 0.000010
0.004770 0.000010 0.017544 0.619190 0.356445 0.002041
0.000010 0.000010 0.031968 0.643929 0.323939 0.000144
0.000010 0.000010 0.033607 0.829360 0.137003 0.000010
0.000010 0.000010 0.054270 0.630053 0.291035 0.024622
0.000010 0.000010 0.036324 0.727877 0.235769 0.000010
0.000010 0.000010 0.146551 0.299132 0.493016 0.061281
0.000010 0.000010 0.114721 0.573411 0.288525 0.023323
0.000010 0.000010 0.222600 0.447128 0.292707 0.037545
0.038316 0.000010 0.000010 0.791478 0.153996 0.016191
0.002357 0.000010 0.113653 0.544248 0.339723 0.000010
0.008425 0.000010 0.062364 0.637321 0.273977 0.017903
0.003808 0.000010 0.020789 0.617110 0.358273 0.000010
0.000010 0.000010 0.039910 0.632447 0.312467 0.015155
0.000010 0.000010 0.035949 0.643123 0.320899 0.000010
0.006284 0.000010 0.000010 0.574875 0.418811 0.000010
0.000010 0.002384 0.026275 0.847190 0.092897 0.031244
0.000930 0.000010 0.002555 0.680009 0.311148 0.005349
0.009619 0.011068 0.000010 0.732813 0.173425 0.073065
0.011914 0.000010 0.182646 0.482664 0.295181 0.027585
0.011999 0.000010 0.078325 0.690041 0.189239 0.030387
0.000010 0.000010 0.142932 0.637144 0.181968 0.037935
0.000010 0.076329 0.021115 0.828448 0.059272 0.014825
0.000010 0.000010 0.006721 0.962972 0.000010 0.030277
0.000010 0.043423 0.012398 0.933694 0.000010 0.010465
0.009726 0.000010 0.254135 0.413226 0.322893 0.000010
0.000010 0.000010 0.000010 0.723743 0.218731 0.057496
0.000010 0.000010 0.000010 0.672254 0.271884 0.055832
0.000010 0.000010 0.069707 0.524587 0.387955 0.017731
0.000010 0.000010 0.070895 0.508352 0.401371 0.019363
0.000010 0.000010 0.101858 0.318825 0.556899 0.022398
0.021200 0.008537 0.200918 0.409824 0.331733 0.027788
0.000010 0.000010 0.267011 0.390221 0.320132 0.022616
0.000010 0.000010 0.309956 0.412382 0.268862 0.008780
0.000010 0.000010 0.273530 0.480454 0.197326 0.048671
0.000010 0.000010 0.001116 0.819939 0.178915 0.000010
0.000010 0.000010 0.196545 0.499558 0.297601 0.006276
0.000010 0.000010 0.243846 0.652694 0.100974 0.002466
0.011771 0.000010 0.020204 0.781501 0.186504 0.000010
0.000010 0.000010 0.171701 0.688412 0.139857 0.000010
0.000010 0.000010 0.019711 0.801703 0.101308 0.077258
0.000010 0.000010 0.000010 0.734237 0.239091 0.026642
0.000010 0.000010 0.015328 0.847387 0.107622 0.029644
0.000010 0.025813 0.105675 0.491620 0.376871 0.000010
0.000010 0.000010 0.151633 0.324830 0.521545 0.001972
0.000010 0.045708 0.116052 0.513164 0.311722 0.013344
0.000010 0.012522 0.000010 0.531797 0.417971 0.037689
0.000010 0.000010 0.000010 0.626990 0.372970 0.000010
0.000010 0.000010 0.000010 0.583081 0.392318 0.024571
0.000010 0.000010 0.000010 0.978870 0.003575 0.017525
0.000010 0.000010 0.000010 0.983485 0.000010 0.016475
0.000010 0.000010 0.000010 0.983549 0.000010 0.016411
0.000010 0.000010 0.000010 0.990122 0.000010 0.009838
0.000010 0.000010 0.000010 0.999950 0.000010 0.000010
0.000010 0.000010 0.000010 0.979639 0.000010 0.020321
0.000010 0.000010 0.017994 0.954303 0.000010 0.027673
0.000010 0.000010 0.000010 0.971832 0.006653 0.021484
0.000010 0.000010 0.000010 0.969941 0.004169 0.025860
0.000010 0.014704 0.023545 0.952226 0.000010 0.009505
0.000010 0.000010 0.000010 0.920998 0.000010 0.078962
0.000010 0.000010 0.000010 0.954026 0.000010 0.045934
0.000010 0.000010 0.000010 0.999950 0.000010 0.000010
0.000010 0.000010 0.000010 0.999950 0.000010 0.000010
0.000010 0.000010 0.000010 0.999950 0.000010 0.000010
0.000010 0.000010 0.000010 0.999950 0.000010 0.000010
0.000010 0.000010 0.000010 0.999950 0.000010 0.000010
0.000010 0.000010 0.000010 0.999950 0.000010 0.000010
0.000010 0.000010 0.000010 0.999950 0.000010 0.000010
0.000010 0.000010 0.000010 0.980592 0.000010 0.019368
0.004034 0.000010 0.000010 0.994500 0.000010 0.001436
0.000010 0.000010 0.000010 0.996877 0.003083 0.000010
0.000010 0.000010 0.000010 0.999950 0.000010 0.000010
0.000010 0.000010 0.000010 0.999950 0.000010 0.000010
0.000010 0.000010 0.000144 0.967825 0.000010 0.032001
0.000010 0.018491 0.005086 0.963461 0.000796 0.012156
0.000010 0.016998 0.000010 0.957593 0.000010 0.025379
0.000010 0.004241 0.054855 0.924129 0.000010 0.016754
0.000010 0.000010 0.016641 0.936446 0.023805 0.023089
0.000010 0.001705 0.023184 0.971738 0.003353 0.000010
0.000010 0.000010 0.000010 0.978547 0.000010 0.021413
0.000010 0.001739 0.013434 0.984797 0.000010 0.000010
0.000010 0.009639 0.007614 0.982717 0.000010 0.000010
0.018962 0.000010 0.000010 0.975309 0.000010 0.005700
0.000010 0.018889 0.000010 0.981071 0.000010 0.000010
0.000010 0.002442 0.000010 0.970016 0.000010 0.027512
0.000010 0.000010 0.038300 0.645945 0.252031 0.063704
0.005913 0.007726 0.521783 0.314884 0.096513 0.053180
0.009019 0.000010 0.342621 0.440759 0.189450 0.018142
0.000010 0.011702 0.026496 0.634146 0.238886 0.088760
0.000010 0.000010 0.007523 0.718382 0.263836 0.010239
0.000010 0.015405 0.000010 0.121432 0.823881 0.039262
0.000010 0.000010 0.000010 0.469058 0.530902 0.000010
0.000010 0.000010 0.000010 0.303835 0.696125 0.000010
0.000010 0.000010 0.000010 0.289259 0.666590 0.044121
0.000010 0.000010 0.000010 0.000010 0.980616 0.019344
0.000010 0.000010 0.000010 0.185369 0.767648 0.046953
0.000010 0.000010 0.075125 0.289016 0.635829 0.000010
0.000010 0.000010 0.000010 0.307491 0.687266 0.005213
0.000010 0.000010 0.064489 0.189240 0.746241 0.000010
0.044918 0.955042 0.000010 0.000010 0.000010 0.000010
0.034846 0.965114 0.000010 0.000010 0.000010 0.000010
0.075177 0.908720 0.000010 0.000010 0.004126 0.011958
0.055146 0.944814 0.000010 0.000010 0.000010 0.000010
0.114902 0.857579 0.000010 0.000010 0.000010 0.027489
0.089269 0.910691 0.000010 0.000010 0.000010 0.000010
0.000010 0.019275 0.011447 0.968645 0.000010 0.000613
0.000010 0.000010 0.000010 0.967531 0.010513 0.021926
0.012627 0.000010 0.011695 0.964186 0.005881 0.005602
0.000010 0.000010 0.000010 0.999950 0.000010 0.000010
0.000010 0.000010 0.004815 0.995145 0.000010 0.000010
0.000010 0.000010 0.000010 0.988395 0.000010 0.011565
0.000010 0.005239 0.018230 0.971962 0.000010 0.004549
0.000010 0.000010 0.015068 0.977408 0.000010 0.007493
0.000010 0.000010 0.011432 0.988528 0.000010 0.000010
0.000010 0.000010 0.008415 0.979657 0.000010 0.011898
0.000010 0.000010 0.012206 0.987754 0.000010 0.000010
0.000010 0.000010 0.034848 0.951382 0.000010 0.013740
0.000010 0.000010 0.000010 0.999950 0.000010 0.000010
0.000010 0.000010 0.000010 0.999950 0.000010 0.000010
0.000010 0.000010 0.000010 0.988597 0.000010 0.011363
0.001593 0.008007 0.000010 0.990370 0.000010 0.000010
0.002902 0.013182 0.000010 0.982851 0.000010 0.001045
0.000010 0.000010 0.000010 0.999950 0.000010 0.000010
0.000010 0.000010 0.017472 0.969420 0.008516 0.004572
0.000010 0.000010 0.000010 0.993751 0.005014 0.001205
0.000010 0.000010 0.010291 0.976136 0.000010 0.013543
0.000010 0.000010 0.028552 0.971408 0.000010 0.000010
0.000010 0.000010 0.017384 0.945716 0.000010 0.036870
0.000010 0.004835 0.017267 0.972199 0.005679 0.000010
0.000010 0.000010 0.000010 0.974647 0.000989 0.024334
0.000010 0.000010 0.000010 0.986480 0.000010 0.013480
0.000010 0.000010 0.000010 0.982690 0.000010 0.017270
0.000010 0.000010 0.028122 0.908781 0.000010 0.063067
0.000141 0.000010 0.031294 0.954984 0.000010 0.013561
0.000010 0.000010 0.027262 0.957036 0.015672 0.000010
0.000010 0.000010 0.000010 0.973914 0.007932 0.018124
0.000010 0.000010 0.011088 0.988872 0.000010 0.000010
0.000010 0.000010 0.002559 0.969766 0.002133 0.025522
0.000010 0.000010 0.003958 0.942540 0.010827 0.042654
0.000010 0.000010 0.000010 0.977630 0.001631 0.020709
0.000010 0.009635 0.000010 0.940562 0.000010 0.049773
0.000010 0.012958 0.000010 0.979292 0.000010 0.007720
0.000010 0.010754 0.006806 0.974638 0.007782 0.000010
0.000010 0.000010 0.000010 0.999950 0.000010 0.000010
0.000010 0.000010 0.000010 0.991807 0.000010 0.008153
0.000010 0.005097 0.000010 0.956019 0.000010 0.038854
0.000010 0.000010 0.000010 0.999950 0.000010 0.000010
0.000010 0.000010 0.000010 0.999950 0.000010 0.000010
0.000010 0.000010 0.000010 0.998307 0.000010 0.001653
0.000010 0.012469 0.000010 0.948589 0.000010 0.038912
0.000010 0.000010 0.000010 0.970696 0.000010 0.029264
0.000010 0.012251 0.000010 0.958296 0.000010 0.029423
0.000010 0.000010 0.000010 0.919987 0.000010 0.079973
0.000010 0.000010 0.000010 0.952712 0.000010 0.047248
0.000010 0.000010 0.000010 0.999950 0.000010 0.000010
0.006531 0.000010 0.005988 0.987451 0.000010 0.000010
0.000010 0.000010 0.000010 0.999950 0.000010 0.000010
0.000010 0.001689 0.000010 0.998271 0.000010 0.000010
0.000010 0.000010 0.076791 0.894864 0.000010 0.028315
0.012883 0.000358 0.052025 0.931652 0.000010 0.003071
0.006337 0.000010 0.058327 0.922295 0.000010 0.013020
0.000010 0.000010 0.019888 0.932504 0.004478 0.043110
0.000010 0.023110 0.040136 0.907667 0.002742 0.026335
0.000010 0.005612 0.060990 0.933368 0.000010 0.000010
0.000010 0.000010 0.000010 0.999950 0.000010 0.000010
0.000010 0.000010 0.000010 0.999950 0.000010 0.000010
0.000010 0.000010 0.000010 0.999950 0.000010 0.000010
0.000010 0.000010 0.000010 0.959779 0.000010 0.040181
0.000010 0.000010 0.009793 0.965936 0.000188 0.024063
0.000010 0.000010 0.000010 0.994145 0.000010 0.005815
0.000010 0.000010 0.000010 0.961275 0.000010 0.038685
0.000010 0.000010 0.014187 0.981027 0.000010 0.004756
0.006091 0.000010 0.000010 0.941926 0.000010 0.051953
0.000010 0.000010 0.019394 0.969891 0.000010 0.010685
0.000010 0.000010 0.014590 0.985370 0.000010 0.000010
0.000010 0.000010 0.022932 0.965660 0.000010 0.011378
0.000010 0.000103 0.000010 0.999857 0.000010 0.000010
0.000010 0.000010 0.000010 0.999950 0.000010 0.000010
0.000010 0.000010 0.000010 0.999950 0.000010 0.000010
0.000010 0.000010 0.008922 0.941596 0.000010 0.049451
0.000010 0.000010 0.024831 0.950958 0.000010 0.024181
0.000010 0.005252 0.011473 0.928325 0.000010 0.054930
0.000010 0.000010 0.000010 0.999950 0.000010 0.000010
0.000010 0.000010 0.003130 0.982974 0.000010 0.013866
0.000010 0.000010 0.000010 0.999950 0.000010 0.000010
0.009029 0.005925 0.000010 0.977613 0.001089 0.006334
0.000010 0.000010 0.000010 0.999950 0.000010 0.000010
0.000010 0.000010 0.000010 0.999950 0.000010 0.000010
0.000010 0.000010 0.000010 0.985906 0.000010 0.014054
0.000010 0.000010 0.000010 0.999950 0.000010 0.000010
0.000010 0.000010 0.000010 0.999950 0.000010 0.000010
0.000010 0.008712 0.000010 0.985394 0.000010 0.005865
0.006552 0.000010 0.000010 0.949599 0.001823 0.042005
0.000010 0.012593 0.000010 0.978240 0.000803 0.008344
0.000010 0.000010 0.000010 0.999950 0.000010 0.000010
0.000010 0.000010 0.000010 0.992398 0.000010 0.007562
0.000010 0.000010 0.000010 0.981775 0.000010 0.018185
0.000010 0.000010 0.000010 0.976356 0.000010 0.023604
0.000010 0.011309 0.000010 0.954367 0.000010 0.034294
0.001598 0.008539 0.000010 0.989833 0.000010 0.000010
0.000010 0.000010 0.000010 0.999950 0.000010 0.000010
0.000010 0.000010 0.000010 0.986477 0.005125 0.008368
0.000010 0.000010 0.000010 0.944155 0.000010 0.055805
0.000010 0.999950 0.000010 0.000010 0.000010 0.000010
0.000010 0.999950 0.000010 0.000010 0.000010 0.000010
0.000010 0.968838 0.000010 0.000010 0.000010 0.031122
0.000010 0.999950 0.000010 0.000010 0.000010 0.000010
0.381593 0.618367 0.000010 0.000010 0.000010 0.000010
