0.000010 0.968048 0.000010 0.000010 0.031922
0.000010 0.971017 0.000010 0.000010 0.028953
0.000010 0.978871 0.021099 0.000010 0.000010
0.000010 0.936567 0.000010 0.000010 0.063403
0.000010 0.977603 0.000010 0.000010 0.022367
0.000010 0.972857 0.011468 0.000010 0.015655
0.000010 0.967665 0.000010 0.000010 0.032305
0.000010 0.954422 0.006053 0.000010 0.039505
0.015743 0.938612 0.005748 0.000010 0.039886
0.000010 0.972643 0.000010 0.000010 0.027327
0.000010 0.945967 0.000962 0.000010 0.053052
0.021990 0.977953 0.000037 0.000010 0.000010
0.000010 0.999960 0.000010 0.000010 0.000010
0.000010 0.983328 0.000010 0.000010 0.016642
0.000010 0.953800 0.001494 0.000010 0.044686
0.000010 0.920989 0.010929 0.000010 0.068062
0.000010 0.963755 0.000010 0.000010 0.036215
0.000010 0.948728 0.000010 0.007107 0.044145
0.000010 0.995191 0.004779 0.000010 0.000010
0.000010 0.976785 0.000010 0.000010 0.023185
0.000010 0.999960 0.000010 0.000010 0.000010
0.000010 0.999960 0.000010 0.000010 0.000010
0.000010 0.951951 0.008111 0.000010 0.039919
0.009289 0.956871 0.025067 0.000010 0.008763
0.000010 0.999960 0.000010 0.000010 0.000010
0.000010 0.963894 0.015941 0.000010 0.020144
0.000010 0.961224 0.000010 0.000010 0.038746
0.000010 0.933335 0.018384 0.000010 0.048261
0.000010 0.981115 0.000010 0.000010 0.018855
0.000010 0.986960 0.000010 0.000010 0.013010
0.000010 0.964301 0.000010 0.000010 0.035669
0.000010 0.954443 0.000010 0.000010 0.045527
0.000010 0.999960 0.000010 0.000010 0.000010
0.000010 0.975033 0.006928 0.000010 0.018019
0.000010 0.982627 0.000010 0.000010 0.017343
0.000010 0.999960 0.000010 0.000010 0.000010
0.000010 0.987441 0.000010 0.000010 0.012529
0.000010 0.964021 0.019909 0.000010 0.016051
0.000010 0.944204 0.007914 0.000010 0.047863
0.000010 0.965709 0.000010 0.000010 0.034261
0.000262 0.989094 0.010624 0.000010 0.000010
0.000010 0.965378 0.034592 0.000010 0.000010
0.000010 0.978009 0.006103 0.000010 0.015868
0.000010 0.988125 0.000010 0.000010 0.011845
0.000010 0.980148 0.000010 0.000010 0.019822
0.000010 0.977500 0.000788 0.000010 0.021692
0.000010 0.999960 0.000010 0.000010 0.000010
0.000010 0.999960 0.000010 0.000010 0.000010
0.000010 0.981074 0.018896 0.000010 0.000010
0.000010 0.989069 0.010901 0.000010 0.000010
0.006742 0.984856 0.008382 0.000010 0.000010
0.000010 0.966775 0.012105 0.000010 0.021100
0.000010 0.989968 0.000010 0.000010 0.010002
0.000010 0.987879 0.012091 0.000010 0.000010
0.000010 0.978620 0.000010 0.000010 0.021350
0.000010 0.955702 0.000115 0.000010 0.044163
0.000010 0.946360 0.016234 0.000010 0.037387
0.000010 0.984649 0.000010 0.000010 0.015321
0.000010 0.999960 0.000010 0.000010 0.000010
0.000010 0.967285 0.000010 0.000010 0.032685
0.000010 0.975268 0.000010 0.000010 0.024702
0.000010 0.948937 0.045477 0.000010 0.005566
0.006644 0.987824 0.000010 0.000010 0.005512
0.000010 0.952629 0.016287 0.000010 0.031064
0.072086 0.892806 0.035088 0.000010 0.000010
0.093621 0.856604 0.039272 0.000010 0.010493
0.043051 0.938116 0.018813 0.000010 0.000010
0.088463 0.876620 0.034897 0.000010 0.000010
0.105290 0.823418 0.062903 0.000010 0.008380
0.038470 0.932716 0.017441 0.000010 0.011362
0.034312 0.871682 0.029070 0.000010 0.064927
0.039076 0.934704 0.009461 0.000010 0.016749
0.020032 0.934361 0.017660 0.000010 0.027936
0.030916 0.955099 0.013965 0.000010 0.000010
0.097751 0.848473 0.000010 0.000010 0.053757
0.069847 0.895953 0.003389 0.000010 0.030801
0.031172 0.895197 0.052472 0.000010 0.021149
0.071138 0.886288 0.042554 0.000010 0.000010
0.050399 0.915913 0.027028 0.000010 0.006650
0.060308 0.895482 0.039537 0.000010 0.004663
0.067246 0.902833 0.009781 0.000010 0.020129
0.000010 0.979605 0.013792 0.000010 0.006583
0.000010 0.972463 0.000010 0.000010 0.027507
0.000010 0.976395 0.000012 0.000010 0.023573
0.000010 0.969481 0.000010 0.000010 0.030489
0.000010 0.993142 0.006828 0.000010 0.000010
0.000010 0.979800 0.020170 0.000010 0.000010
0.000010 0.999960 0.000010 0.000010 0.000010
0.000010 0.994751 0.000010 0.000010 0.005219
0.000010 0.968237 0.000010 0.000010 0.031733
0.000010 0.989771 0.000010 0.000010 0.010199
0.000010 0.988180 0.011790 0.000010 0.000010
0.000010 0.954002 0.024725 0.000010 0.021254
0.000195 0.959282 0.014471 0.000010 0.026043
0.000010 0.905661 0.000010 0.000010 0.094309
0.000010 0.960670 0.039300 0.000010 0.000010
0.000010 0.964976 0.015806 0.000010 0.019198
0.000010 0.973166 0.010552 0.000010 0.016262
0.000480 0.999488 0.000012 0.000010 0.000010
0.000010 0.972909 0.007399 0.000010 0.019672
0.000010 0.981386 0.000010 0.000010 0.018584
0.000010 0.999960 0.000010 0.000010 0.000010
0.000010 0.967544 0.012399 0.000010 0.020038
0.000010 0.999960 0.000010 0.000010 0.000010
0.000010 0.999960 0.000010 0.000010 0.000010
0.000013 0.999957 0.000010 0.000010 0.000010
0.000010 0.993508 0.000010 0.000010 0.006462
0.000010 0.999008 0.000010 0.000010 0.000962
0.000010 0.983775 0.012895 0.000010 0.003310
0.000931 0.983571 0.007240 0.000010 0.008247
0.000010 0.980273 0.000010 0.000010 0.019697
0.000010 0.990891 0.009079 0.000010 0.000010
0.000010 0.979301 0.000010 0.000010 0.020669
0.000010 0.959407 0.003353 0.000010 0.037219
0.002607 0.997363 0.000010 0.000010 0.000010
0.065732 0.890877 0.015786 0.000010 0.027595
0.112522 0.875498 0.011960 0.000010 0.000010
0.052098 0.941659 0.006222 0.000010 0.000010
0.051089 0.829259 0.081120 0.000010 0.038523
0.084420 0.869976 0.015766 0.000010 0.029828
0.063897 0.861867 0.063325 0.000010 0.010900
0.102674 0.838428 0.047854 0.000010 0.011034
0.063287 0.936683 0.000010 0.000010 0.000010
0.036679 0.950169 0.013132 0.000010 0.000010
0.074750 0.908202 0.017028 0.000010 0.000010
0.052451 0.884527 0.031026 0.000010 0.031987
0.035355 0.923416 0.040833 0.000010 0.000386
0.033594 0.867480 0.058337 0.000010 0.040579
0.055121 0.925916 0.018943 0.000010 0.000010
0.055725 0.894494 0.029718 0.000010 0.020053
0.061868 0.915230 0.022882 0.000010 0.000010
0.050654 0.885818 0.028238 0.000010 0.035281
0.039747 0.889098 0.040638 0.000010 0.030507
0.009629 0.936281 0.054070 0.000010 0.000010
0.075182 0.896675 0.028123 0.000010 0.000010
0.033424 0.916148 0.050408 0.000010 0.000010
0.018634 0.954014 0.027332 0.000010 0.000010
0.009380 0.912729 0.021859 0.000010 0.056023
0.061554 0.886353 0.030197 0.000010 0.021886
0.040141 0.926178 0.033661 0.000010 0.000010
0.029436 0.893410 0.027961 0.000010 0.049183
0.063311 0.889558 0.047111 0.000010 0.000010
0.085547 0.835946 0.035436 0.000010 0.043061
0.038235 0.924915 0.036830 0.000010 0.000010
0.052024 0.907552 0.040404 0.000010 0.000010
0.088724 0.844452 0.019953 0.000010 0.046861
0.040069 0.895467 0.028749 0.000010 0.035706
0.056423 0.851213 0.059862 0.000010 0.032492
0.034605 0.909841 0.055534 0.000010 0.000010
0.031079 0.896179 0.034027 0.000010 0.038705
0.073702 0.871705 0.054573 0.000010 0.000010
0.050013 0.908719 0.000010 0.000010 0.041248
0.049885 0.870214 0.046766 0.000010 0.033125
0.077585 0.815729 0.063226 0.000010 0.043451
0.057636 0.876936 0.065408 0.000010 0.000010
0.033998 0.945991 0.019991 0.000010 0.000010
0.031697 0.916859 0.024041 0.000010 0.027392
0.082485 0.897504 0.019990 0.000010 0.000010
0.010526 0.975064 0.014390 0.000010 0.000010
0.012729 0.896140 0.024739 0.000010 0.066382
0.053601 0.896998 0.049381 0.000010 0.000010
0.033920 0.852134 0.029760 0.000010 0.084175
0.045392 0.902749 0.051839 0.000010 0.000010
0.044886 0.906756 0.015415 0.000010 0.032932
0.053463 0.910031 0.016296 0.000010 0.020200
0.064395 0.869283 0.036208 0.000010 0.030103
0.028468 0.940986 0.030526 0.000010 0.000010
0.059534 0.877797 0.056096 0.000010 0.006563
0.012086 0.977347 0.010547 0.000010 0.000010
0.020131 0.954158 0.025692 0.000010 0.000010
0.052473 0.888361 0.059147 0.000010 0.000010
0.024560 0.963100 0.012320 0.000010 0.000010
0.051922 0.920222 0.027836 0.000010 0.000010
0.034666 0.915414 0.034163 0.000010 0.015747
0.087612 0.852713 0.059655 0.000010 0.000010
0.037616 0.904647 0.000010 0.000010 0.057717
0.056312 0.935273 0.006803 0.000010 0.001603
0.037555 0.901693 0.060732 0.000010 0.000010
0.084519 0.869337 0.046124 0.000010 0.000010
0.028859 0.901670 0.069451 0.000010 0.000010
0.049275 0.911340 0.001486 0.000010 0.037889
0.041928 0.894348 0.025242 0.000010 0.038472
0.046555 0.905448 0.047977 0.000010 0.000010
0.074810 0.860568 0.046072 0.000010 0.018540
0.035296 0.914546 0.040207 0.000010 0.009941
0.097256 0.829291 0.051857 0.000010 0.021585
0.111817 0.832748 0.055415 0.000010 0.000010
0.084317 0.853562 0.062101 0.000010 0.000010
0.043134 0.903141 0.042540 0.000010 0.011174
0.032354 0.951910 0.015716 0.000010 0.000010
0.087370 0.860004 0.049927 0.000010 0.002690
0.072691 0.924482 0.002807 0.000010 0.000010
0.023862 0.916340 0.048806 0.000010 0.010981
0.019089 0.946004 0.016638 0.000010 0.018259
0.056354 0.918901 0.019661 0.000010 0.005074
0.042985 0.929344 0.027651 0.000010 0.000010
0.039704 0.933872 0.026404 0.000010 0.000010
0.046083 0.900512 0.053386 0.000010 0.000010
0.999960 0.000010 0.000010 0.000010 0.000010
0.999960 0.000010 0.000010 0.000010 0.000010
0.999960 0.000010 0.000010 0.000010 0.000010
0.999960 0.000010 0.000010 0.000010 0.000010
0.999960 0.000010 0.000010 0.000010 0.000010
0.999960 0.000010 0.000010 0.000010 0.000010
0.999960 0.000010 0.000010 0.000010 0.000010
0.999960 0.000010 0.000010 0.000010 0.000010
0.999960 0.000010 0.000010 0.000010 0.000010
0.999960 0.000010 0.000010 0.000010 0.000010
0.999960 0.000010 0.000010 0.000010 0.000010
0.999960 0.000010 0.000010 0.000010 0.000010
0.999960 0.000010 0.000010 0.000010 0.000010
0.999960 0.000010 0.000010 0.000010 0.000010
0.999960 0.000010 0.000010 0.000010 0.000010
0.996964 0.000010 0.003006 0.000010 0.000010
0.999960 0.000010 0.000010 0.000010 0.000010
0.999960 0.000010 0.000010 0.000010 0.000010
0.999960 0.000010 0.000010 0.000010 0.000010
0.999960 0.000010 0.000010 0.000010 0.000010
0.999960 0.000010 0.000010 0.000010 0.000010
0.999960 0.000010 0.000010 0.000010 0.000010
0.999960 0.000010 0.000010 0.000010 0.000010
0.999960 0.000010 0.000010 0.000010 0.000010
0.999960 0.000010 0.000010 0.000010 0.000010
0.999960 0.000010 0.000010 0.000010 0.000010
0.999960 0.000010 0.000010 0.000010 0.000010
0.999960 0.000010 0.000010 0.000010 0.000010
0.999960 0.000010 0.000010 0.000010 0.000010
0.999960 0.000010 0.000010 0.000010 0.000010
0.999960 0.000010 0.000010 0.000010 0.000010
0.999960 0.000010 0.000010 0.000010 0.000010
0.999960 0.000010 0.000010 0.000010 0.000010
0.999960 0.000010 0.000010 0.000010 0.000010
0.999960 0.000010 0.000010 0.000010 0.000010
0.999960 0.000010 0.000010 0.000010 0.000010
0.999960 0.000010 0.000010 0.000010 0.000010
0.999960 0.000010 0.000010 0.000010 0.000010
0.999960 0.000010 0.000010 0.000010 0.000010
0.998378 0.000010 0.000010 0.000010 0.001592
0.999960 0.000010 0.000010 0.000010 0.000010
0.999960 0.000010 0.000010 0.000010 0.000010
0.999960 0.000010 0.000010 0.000010 0.000010
0.999960 0.000010 0.000010 0.000010 0.000010
0.999960 0.000010 0.000010 0.000010 0.000010
0.992285 0.000908 0.006787 0.000010 0.000010
0.999960 0.000010 0.000010 0.000010 0.000010
0.989877 0.000010 0.010093 0.000010 0.000010
0.999960 0.000010 0.000010 0.000010 0.000010
0.999960 0.000010 0.000010 0.000010 0.000010
0.999960 0.000010 0.000010 0.000010 0.000010
0.999960 0.000010 0.000010 0.000010 0.000010
0.998435 0.000010 0.001535 0.000010 0.000010
0.999960 0.000010 0.000010 0.000010 0.000010
0.999960 0.000010 0.000010 0.000010 0.000010
0.999960 0.000010 0.000010 0.000010 0.000010
0.999958 0.000012 0.000010 0.000010 0.000010
0.996482 0.000010 0.003488 0.000010 0.000010
0.999960 0.000010 0.000010 0.000010 0.000010
0.999960 0.000010 0.000010 0.000010 0.000010
0.999960 0.000010 0.000010 0.000010 0.000010
0.999960 0.000010 0.000010 0.000010 0.000010
0.999960 0.000010 0.000010 0.000010 0.000010
0.988314 0.000010 0.011656 0.000010 0.000010
0.999960 0.000010 0.000010 0.000010 0.000010
0.999960 0.000010 0.000010 0.000010 0.000010
0.000010 0.717650 0.180665 0.069881 0.031794
0.000010 0.855619 0.005910 0.085917 0.052544
0.000010 0.482508 0.325157 0.185162 0.007163
0.000010 0.764512 0.145545 0.046089 0.043844
0.000010 0.648322 0.229407 0.113135 0.009126
0.999960 0.000010 0.000010 0.000010 0.000010
0.999960 0.000010 0.000010 0.000010 0.000010
0.999960 0.000010 0.000010 0.000010 0.000010
0.999960 0.000010 0.000010 0.000010 0.000010
0.999960 0.000010 0.000010 0.000010 0.000010
0.999960 0.000010 0.000010 0.000010 0.000010
0.994757 0.000010 0.005213 0.000010 0.000010
0.999960 0.000010 0.000010 0.000010 0.000010
0.999960 0.000010 0.000010 0.000010 0.000010
0.999960 0.000010 0.000010 0.000010 0.000010
0.999960 0.000010 0.000010 0.000010 0.000010
0.999960 0.000010 0.000010 0.000010 0.000010
0.999960 0.000010 0.000010 0.000010 0.000010
0.999960 0.000010 0.000010 0.000010 0.000010
0.999960 0.000010 0.000010 0.000010 0.000010
0.999960 0.000010 0.000010 0.000010 0.000010
0.999960 0.000010 0.000010 0.000010 0.000010
0.999960 0.000010 0.000010 0.000010 0.000010
0.999960 0.000010 0.000010 0.000010 0.000010
0.975745 0.000010 0.000015 0.000010 0.024220
0.999960 0.000010 0.000010 0.000010 0.000010
0.970393 0.012428 0.016891 0.000010 0.000277
0.999960 0.000010 0.000010 0.000010 0.000010
0.999960 0.000010 0.000010 0.000010 0.000010
0.987750 0.002570 0.009660 0.000010 0.000010
0.999960 0.000010 0.000010 0.000010 0.000010
0.999960 0.000010 0.000010 0.000010 0.000010
0.999960 0.000010 0.000010 0.000010 0.000010
0.999960 0.000010 0.000010 0.000010 0.000010
0.999960 0.000010 0.000010 0.000010 0.000010
0.996576 0.000010 0.003394 0.000010 0.000010
0.999960 0.000010 0.000010 0.000010 0.000010
0.999960 0.000010 0.000010 0.000010 0.000010
0.999960 0.000010 0.000010 0.000010 0.000010
0.999960 0.000010 0.000010 0.000010 0.000010
0.999960 0.000010 0.000010 0.000010 0.000010
0.999960 0.000010 0.000010 0.000010 0.000010
0.999960 0.000010 0.000010 0.000010 0.000010
0.999960 0.000010 0.000010 0.000010 0.000010
0.999960 0.000010 0.000010 0.000010 0.000010
0.999960 0.000010 0.000010 0.000010 0.000010
0.999960 0.000010 0.000010 0.000010 0.000010
0.999960 0.000010 0.000010 0.000010 0.000010
0.999960 0.000010 0.000010 0.000010 0.000010
0.999960 0.000010 0.000010 0.000010 0.000010
0.999960 0.000010 0.000010 0.000010 0.000010
0.999960 0.000010 0.000010 0.000010 0.000010
0.999960 0.000010 0.000010 0.000010 0.000010
0.026455 0.637279 0.138975 0.146453 0.050838
0.000010 0.735574 0.056208 0.203261 0.004947
0.000010 0.683921 0.108384 0.159108 0.048576
0.000010 0.783172 0.160157 0.018518 0.038143
0.000010 0.599119 0.298231 0.054847 0.047793
0.000010 0.607946 0.313698 0.029458 0.048888
0.999960 0.000010 0.000010 0.000010 0.000010
0.999960 0.000010 0.000010 0.000010 0.000010
0.999960 0.000010 0.000010 0.000010 0.000010
0.999960 0.000010 0.000010 0.000010 0.000010
0.999960 0.000010 0.000010 0.000010 0.000010
0.999960 0.000010 0.000010 0.000010 0.000010
0.999960 0.000010 0.000010 0.000010 0.000010
0.999960 0.000010 0.000010 0.000010 0.000010
0.999960 0.000010 0.000010 0.000010 0.000010
0.999960 0.000010 0.000010 0.000010 0.000010
0.999960 0.000010 0.000010 0.000010 0.000010
0.999960 0.000010 0.000010 0.000010 0.000010
0.999960 0.000010 0.000010 0.000010 0.000010
0.999960 0.000010 0.000010 0.000010 0.000010
0.999960 0.000010 0.000010 0.000010 0.000010
0.999960 0.000010 0.000010 0.000010 0.000010
0.999960 0.000010 0.000010 0.000010 0.000010
0.999960 0.000010 0.000010 0.000010 0.000010
0.999960 0.000010 0.000010 0.000010 0.000010
0.999960 0.000010 0.000010 0.000010 0.000010
0.999960 0.000010 0.000010 0.000010 0.000010
0.999640 0.000010 0.000330 0.000010 0.000010
0.999960 0.000010 0.000010 0.000010 0.000010
0.999960 0.000010 0.000010 0.000010 0.000010
0.999960 0.000010 0.000010 0.000010 0.000010
0.999960 0.000010 0.000010 0.000010 0.000010
0.999960 0.000010 0.000010 0.000010 0.000010
0.999960 0.000010 0.000010 0.000010 0.000010
0.999960 0.000010 0.000010 0.000010 0.000010
0.999960 0.000010 0.000010 0.000010 0.000010
0.999960 0.000010 0.000010 0.000010 0.000010
0.999960 0.000010 0.000010 0.000010 0.000010
0.999960 0.000010 0.000010 0.000010 0.000010
0.999960 0.000010 0.000010 0.000010 0.000010
0.999960 0.000010 0.000010 0.000010 0.000010
0.999960 0.000010 0.000010 0.000010 0.000010
0.999960 0.000010 0.000010 0.000010 0.000010
0.999960 0.000010 0.000010 0.000010 0.000010
0.999960 0.000010 0.000010 0.000010 0.000010
0.000010 0.863265 0.071177 0.025440 0.040108
0.000010 0.689860 0.247991 0.015853 0.046286
0.000010 0.754946 0.160391 0.020418 0.064235
0.000010 0.543765 0.290222 0.165993 0.000010
0.000010 0.680276 0.220826 0.098878 0.000010
0.000010 0.758502 0.203023 0.005807 0.032658
0.000010 0.668184 0.208727 0.112834 0.010245
0.000010 0.662707 0.219814 0.100662 0.016807
0.000010 0.803614 0.192526 0.000010 0.003840
0.012198 0.564095 0.322152 0.090980 0.010574
0.000010 0.686663 0.250751 0.020284 0.042293
0.990489 0.000010 0.000010 0.000010 0.009481
0.999960 0.000010 0.000010 0.000010 0.000010
0.983040 0.000010 0.000010 0.000010 0.016930
0.999960 0.000010 0.000010 0.000010 0.000010
0.980335 0.000010 0.000010 0.000010 0.019635
0.987673 0.000010 0.000010 0.000010 0.012297
0.999960 0.000010 0.000010 0.000010 0.000010
0.996345 0.000010 0.001795 0.000010 0.001840
0.999960 0.000010 0.000010 0.000010 0.000010
0.994431 0.000010 0.005539 0.000010 0.000010
0.999960 0.000010 0.000010 0.000010 0.000010
0.996582 0.000010 0.000010 0.000010 0.003388
0.999960 0.000010 0.000010 0.000010 0.000010
0.999960 0.000010 0.000010 0.000010 0.000010
0.999432 0.000010 0.000010 0.000010 0.000538
0.999960 0.000010 0.000010 0.000010 0.000010
0.999960 0.000010 0.000010 0.000010 0.000010
0.000010 0.802814 0.086680 0.110486 0.000010
0.000010 0.843121 0.111752 0.045107 0.000010
0.000010 0.547713 0.157596 0.267926 0.026756
0.000010 0.675659 0.184707 0.139614 0.000010
0.046033 0.453320 0.308422 0.192215 0.000010
0.000010 0.566876 0.166200 0.266904 0.000010
0.000010 0.411079 0.267998 0.273350 0.047564
0.000010 0.696413 0.182554 0.096249 0.024774
0.003815 0.555912 0.186423 0.229085 0.024765
0.000010 0.647738 0.123295 0.165043 0.063913
0.000010 0.840327 0.089829 0.037504 0.032330
0.000010 0.590359 0.286633 0.122988 0.000010
0.000010 0.758077 0.169838 0.072066 0.000010
0.007413 0.618666 0.280465 0.077795 0.015660
0.000010 0.704411 0.180593 0.114976 0.000010
0.000010 0.725605 0.168215 0.106161 0.000010
0.000010 0.839340 0.130241 0.030399 0.000010
0.000010 0.796708 0.162094 0.036382 0.004806
0.000010 0.860885 0.126276 0.010236 0.002594
0.000010 0.721701 0.206173 0.045614 0.026502
0.005310 0.769324 0.110798 0.065998 0.048570
0.000010 0.804192 0.103247 0.065959 0.026592
0.000010 0.825147 0.052307 0.046073 0.076462
0.000010 0.742487 0.205049 0.026220 0.026235
0.000010 0.516074 0.344653 0.106563 0.032701
0.000010 0.707040 0.236401 0.042209 0.014340
0.000010 0.560478 0.193950 0.226741 0.018821
0.000010 0.590231 0.199513 0.208992 0.001254
0.003402 0.449786 0.162146 0.377754 0.006912
0.000010 0.736292 0.067300 0.188804 0.007594
0.000010 0.632592 0.151445 0.148643 0.067310
0.000010 0.711871 0.108734 0.158242 0.021143
0.000010 0.708008 0.104164 0.149766 0.038053
0.008008 0.662990 0.136280 0.149650 0.043072
0.000010 0.703783 0.046868 0.204467 0.044872
0.000010 0.766761 0.106774 0.069179 0.057276
0.000010 0.760717 0.160350 0.078913 0.000010
0.000010 0.707175 0.168226 0.105102 0.019487
0.000010 0.826029 0.079609 0.065988 0.028364
0.000010 0.664849 0.118183 0.199417 0.017541
0.006631 0.728054 0.201405 0.063900 0.000010
0.000010 0.702495 0.184850 0.080883 0.031762
0.000010 0.855005 0.091192 0.048344 0.005449
0.000010 0.752919 0.150197 0.070532 0.026341
0.000010 0.572842 0.051265 0.375873 0.000010
0.000010 0.433833 0.135925 0.415396 0.014835
0.005023 0.477229 0.114030 0.398901 0.004817
0.000010 0.619393 0.130172 0.250415 0.000010
0.005184 0.746478 0.113696 0.129454 0.005188
0.000010 0.862081 0.128943 0.008957 0.000010
0.000010 0.727443 0.272527 0.000010 0.000010
0.000010 0.811854 0.188116 0.000010 0.000010
0.000010 0.534213 0.166348 0.294587 0.004842
0.000010 0.845137 0.125875 0.028968 0.000010
0.000010 0.697641 0.087355 0.214984 0.000010
0.010970 0.823171 0.152044 0.013805 0.000010
0.000010 0.618457 0.111874 0.218630 0.051030
0.012958 0.640606 0.133789 0.187851 0.024795
0.000010 0.637527 0.284304 0.078149 0.000010
0.000010 0.596606 0.400329 0.003045 0.000010
0.000010 0.649600 0.295606 0.054773 0.000010
0.000010 0.532663 0.292113 0.162694 0.012520
0.000010 0.659461 0.275182 0.015957 0.049389
0.000010 0.620210 0.318720 0.048918 0.012142
0.000010 0.647195 0.158773 0.170786 0.023237
0.011466 0.304573 0.492271 0.181633 0.010057
0.000010 0.560622 0.330242 0.109115 0.000010
0.000010 0.465089 0.314587 0.211587 0.008728
0.000010 0.777299 0.072764 0.025823 0.124104
0.000010 0.657930 0.239897 0.065514 0.036649
0.017455 0.691664 0.186410 0.087010 0.017460
0.000010 0.597114 0.106230 0.270611 0.026035
0.027453 0.595377 0.061194 0.288723 0.027254
0.000010 0.737748 0.131810 0.054748 0.075684
0.010262 0.827488 0.068644 0.090370 0.003236
0.000010 0.689337 0.174350 0.089799 0.046504
0.000010 0.674968 0.136946 0.125518 0.062558
0.028940 0.599063 0.253935 0.098579 0.019483
0.010963 0.658851 0.125897 0.131597 0.072692
0.000010 0.766108 0.080946 0.152926 0.000010
0.023242 0.541931 0.174595 0.260223 0.000010
0.000010 0.701095 0.186628 0.112257 0.000010
0.000010 0.721866 0.104337 0.173777 0.000010
0.000010 0.535220 0.372797 0.091963 0.000010
0.024568 0.646767 0.184806 0.143849 0.000010
0.000010 0.536193 0.333372 0.117343 0.013082
0.013148 0.539924 0.296733 0.119694 0.030501
0.000010 0.695383 0.216678 0.043406 0.044523
0.000010 0.698686 0.210173 0.045556 0.045575
0.000010 0.777740 0.222230 0.000010 0.000010
0.000623 0.529018 0.120736 0.349251 0.000372
0.000010 0.663595 0.163528 0.171880 0.000986
0.013639 0.689240 0.137720 0.115182 0.044219
0.000010 0.657220 0.223231 0.119529 0.000010
0.000010 0.684758 0.109793 0.173140 0.032299
0.000010 0.215548 0.174121 0.607429 0.002893
0.001173 0.390211 0.095166 0.480024 0.033426
0.000010 0.334121 0.118922 0.515236 0.031711
0.000010 0.725442 0.169352 0.103173 0.002023
0.000010 0.851646 0.065771 0.040014 0.042559
0.000010 0.624989 0.132891 0.242099 0.000010
0.000010 0.466287 0.370845 0.097591 0.065266
0.000010 0.670801 0.316570 0.000010 0.012609
0.000010 0.559848 0.312396 0.079290 0.048457
0.006527 0.684206 0.268897 0.040360 0.000010
0.016912 0.636695 0.214359 0.102171 0.029863
0.027285 0.691771 0.239427 0.040015 0.001502
0.004363 0.772572 0.223045 0.000010 0.000010
0.000010 0.655491 0.331931 0.000010 0.012558
0.000010 0.797901 0.199245 0.000010 0.002834
0.014840 0.822837 0.109830 0.052483 0.000010
0.000010 0.536232 0.216196 0.247552 0.000010
0.012031 0.641383 0.178492 0.168084 0.000010
0.000010 0.602474 0.235613 0.132098 0.029806
0.000010 0.514590 0.176634 0.216274 0.092492
0.000010 0.501133 0.197808 0.278180 0.022869
0.063252 0.689080 0.174132 0.073527 0.000010
0.000010 0.890949 0.109021 0.000010 0.000010
0.082058 0.732365 0.111347 0.074220 0.000010
0.018293 0.719181 0.257898 0.000010 0.004619
0.000010 0.600539 0.327695 0.033611 0.038146
0.000010 0.667769 0.263684 0.038442 0.030096
0.000010 0.797573 0.049279 0.143506 0.009632
0.007212 0.750698 0.016532 0.193078 0.032480
0.000010 0.702875 0.205669 0.050579 0.040866
0.000010 0.608488 0.227580 0.150647 0.013275
0.000010 0.988396 0.008460 0.000010 0.003124
0.010455 0.215584 0.773941 0.000010 0.000010
0.000010 0.470531 0.242311 0.271267 0.015880
0.000040 0.268840 0.592836 0.138274 0.000010
0.013258 0.472994 0.497356 0.016383 0.000010
0.000010 0.730597 0.228295 0.041088 0.000010
0.000010 0.519836 0.429962 0.050182 0.000010
0.000010 0.797644 0.202326 0.000010 0.000010
0.000010 0.363748 0.590332 0.021012 0.024899
0.000010 0.635266 0.364704 0.000010 0.000010
0.000010 0.489337 0.422944 0.050187 0.037522
0.000010 0.586094 0.349175 0.033223 0.031498
0.000010 0.581292 0.311946 0.077223 0.029530
0.000010 0.799382 0.200588 0.000010 0.000010
0.007261 0.760681 0.215620 0.001855 0.014583
0.000010 0.776520 0.223450 0.000010 0.000010
0.009179 0.723528 0.229503 0.037780 0.000010
0.001953 0.620030 0.357440 0.017888 0.002690
0.000010 0.644312 0.323465 0.032202 0.000010
0.000010 0.829882 0.136479 0.033619 0.000010
0.000010 0.630341 0.290722 0.054339 0.024588
0.000010 0.728366 0.235177 0.036437 0.000010
0.000010 0.299952 0.492669 0.146638 0.060731
0.000010 0.573911 0.288295 0.114752 0.023032
0.000010 0.447652 0.292432 0.222626 0.037280
0.024623 0.792127 0.160626 0.000010 0.022614
0.000010 0.545356 0.340755 0.113870 0.000010
0.000108 0.638703 0.277556 0.062740 0.020892
0.000010 0.619079 0.359687 0.021215 0.000010
0.000010 0.632900 0.312186 0.040104 0.014800
0.000010 0.643337 0.320512 0.036131 0.000010
0.000010 0.577767 0.422203 0.000010 0.000010
0.000964 0.847907 0.092976 0.026364 0.031789
0.000010 0.680728 0.311208 0.002912 0.005142
0.018894 0.733335 0.173906 0.000010 0.073854
0.000010 0.483848 0.300368 0.183356 0.032418
0.002520 0.690586 0.193490 0.078710 0.034694
0.000010 0.637747 0.181835 0.142982 0.037427
0.073993 0.830189 0.058053 0.020854 0.016912
0.000010 0.963626 0.000010 0.006619 0.029735
0.041973 0.934979 0.000010 0.011928 0.011110
0.007423 0.414239 0.323932 0.254395 0.000010
0.000010 0.724117 0.218663 0.000010 0.057200
0.000010 0.672709 0.271640 0.000010 0.055632
0.000010 0.525407 0.387751 0.069865 0.016967
0.000010 0.508935 0.401133 0.071072 0.018850
0.000010 0.319639 0.556404 0.102125 0.021821
0.027714 0.410388 0.332869 0.201083 0.027947
0.000010 0.390949 0.319896 0.267046 0.022099
0.000010 0.412821 0.268645 0.309992 0.008533
0.000010 0.480668 0.196944 0.273546 0.048831
0.000010 0.820631 0.178197 0.001151 0.000010
0.000010 0.500057 0.297203 0.196572 0.006158
0.000010 0.653139 0.100735 0.243851 0.002265
0.001385 0.785714 0.191975 0.020916 0.000010
0.000010 0.688694 0.139612 0.171673 0.000010
0.000010 0.802277 0.101167 0.019723 0.076823
0.000010 0.735348 0.239065 0.000010 0.025567
0.000010 0.847772 0.107394 0.015367 0.029457
0.018336 0.493838 0.379654 0.106282 0.001890
0.000010 0.325083 0.521088 0.151711 0.002108
0.035949 0.514834 0.314631 0.116742 0.017843
0.005233 0.533244 0.420607 0.000010 0.040906
0.000010 0.627216 0.372754 0.000010 0.000010
0.000010 0.583685 0.392111 0.000010 0.024184
0.000010 0.979578 0.003681 0.000010 0.016720
0.000010 0.983374 0.000010 0.000010 0.016596
0.000010 0.983874 0.000010 0.000010 0.016096
0.000010 0.990574 0.000010 0.000010 0.009396
0.000010 0.999960 0.000010 0.000010 0.000010
0.000010 0.980031 0.000010 0.000010 0.019939
0.000010 0.954137 0.000010 0.017921 0.027922
0.000010 0.972118 0.006628 0.000010 0.021234
0.000010 0.970420 0.003922 0.000010 0.025638
0.010667 0.952790 0.000010 0.023826 0.012707
0.000010 0.922098 0.000010 0.000010 0.077872
0.000010 0.954583 0.000010 0.000010 0.045387
0.000010 0.999960 0.000010 0.000010 0.000010
0.000010 0.999959 0.000011 0.000010 0.000010
0.000010 0.999960 0.000010 0.000010 0.000010
0.000010 0.999960 0.000010 0.000010 0.000010
0.000010 0.999960 0.000010 0.000010 0.000010
0.000010 0.999960 0.000010 0.000010 0.000010
0.000010 0.999960 0.000010 0.000010 0.000010
0.000010 0.981242 0.000010 0.000010 0.018728
0.000010 0.996635 0.000461 0.000010 0.002884
0.000010 0.996975 0.002995 0.000010 0.000010
0.000010 0.999960 0.000010 0.000010 0.000010
0.000010 0.999960 0.000010 0.000010 0.000010
0.000010 0.968172 0.000010 0.000209 0.031599
0.014067 0.964600 0.001768 0.005023 0.014542
0.013240 0.959554 0.000010 0.000010 0.027186
0.000205 0.924918 0.000010 0.055103 0.019764
0.000010 0.936762 0.023530 0.016627 0.023071
0.000010 0.972786 0.003953 0.023240 0.000010
0.000010 0.979951 0.000010 0.000010 0.020019
0.000010 0.986369 0.000010 0.013601 0.000010
0.003604 0.988262 0.000010 0.008113 0.000010
0.014787 0.980353 0.000747 0.000010 0.004102
0.015925 0.984045 0.000010 0.000010 0.000010
0.000010 0.972008 0.000010 0.000010 0.027962
0.000010 0.646625 0.251749 0.038468 0.063148
0.010575 0.314909 0.097417 0.522123 0.054975
0.007786 0.441122 0.189954 0.342779 0.018360
0.010458 0.635143 0.238775 0.026652 0.088971
0.000010 0.719228 0.263564 0.007782 0.009416
0.011123 0.122696 0.825295 0.000010 0.040875
0.000010 0.469513 0.530457 0.000010 0.000010
0.000010 0.304419 0.695551 0.000010 0.000010
0.000010 0.290284 0.666580 0.000010 0.043117
0.000010 0.000010 0.979774 0.000010 0.020196
0.000010 0.186243 0.767383 0.000010 0.046354
0.000010 0.289465 0.635123 0.075392 0.000010
0.000010 0.308424 0.686850 0.000010 0.004707
0.000010 0.189862 0.745323 0.064796 0.000010
0.992388 0.000011 0.000010 0.000010 0.007581
0.999960 0.000010 0.000010 0.000010 0.000010
0.982235 0.000010 0.000068 0.000010 0.017677
0.987452 0.000010 0.000010 0.000010 0.012518
0.965534 0.000010 0.000010 0.000010 0.034436
0.999960 0.000010 0.000010 0.000010 0.000010
0.016626 0.969193 0.000010 0.011438 0.002734
0.000010 0.967810 0.010470 0.000010 0.021700
0.011061 0.964470 0.007150 0.011587 0.005733
0.000010 0.999960 0.000010 0.000010 0.000010
0.000010 0.995244 0.000010 0.004726 0.000010
0.000010 0.988661 0.000010 0.000010 0.011309
0.001470 0.972760 0.000010 0.018368 0.007392
0.000010 0.978129 0.000010 0.015072 0.006779
0.000010 0.988580 0.000010 0.011390 0.000010
0.000010 0.980585 0.000010 0.008436 0.010959
0.000010 0.987841 0.000010 0.012129 0.000010
0.000010 0.951669 0.000010 0.034794 0.013518
0.000010 0.999960 0.000010 0.000010 0.000010
0.000010 0.999960 0.000010 0.000010 0.000010
0.000010 0.989085 0.000010 0.000010 0.010885
0.008276 0.991694 0.000010 0.000010 0.000010
0.014673 0.984494 0.000010 0.000010 0.000813
0.000010 0.999960 0.000010 0.000010 0.000010
0.000010 0.969596 0.008379 0.017423 0.004592
0.000010 0.994522 0.005021 0.000010 0.000437
0.000010 0.976564 0.000010 0.010245 0.013171
0.000010 0.971489 0.000010 0.028481 0.000010
0.000010 0.946099 0.000010 0.017345 0.036536
0.002592 0.973587 0.006467 0.017345 0.000010
0.000010 0.975000 0.001013 0.000010 0.023967
0.000010 0.987043 0.000010 0.000010 0.012927
0.000010 0.982810 0.000010 0.000010 0.017160
0.000010 0.908811 0.000010 0.028076 0.063094
0.000010 0.955302 0.000010 0.031278 0.013400
0.000010 0.957597 0.015116 0.027267 0.000010
0.000010 0.974065 0.007943 0.000010 0.017973
0.000010 0.988906 0.000010 0.011064 0.000010
0.000010 0.970219 0.002281 0.002567 0.024923
0.000010 0.942596 0.010797 0.004001 0.042597
0.000010 0.978203 0.001665 0.000010 0.020111
0.006539 0.941607 0.000010 0.000010 0.051834
0.010987 0.980317 0.000010 0.000010 0.008676
0.007988 0.975602 0.008682 0.006808 0.000921
0.000010 0.999960 0.000010 0.000010 0.000010
0.000010 0.992157 0.000010 0.000010 0.007813
0.002810 0.955869 0.000010 0.000010 0.041301
0.000010 0.999960 0.000010 0.000010 0.000010
0.000010 0.999960 0.000010 0.000010 0.000010
0.000010 0.998457 0.000010 0.000010 0.001513
0.004839 0.949615 0.000010 0.000010 0.045525
0.000010 0.971237 0.000010 0.000010 0.028733
0.004312 0.958836 0.000823 0.000010 0.036019
0.000010 0.920020 0.000010 0.000010 0.079950
0.000010 0.952743 0.000010 0.000010 0.047227
0.000010 0.999960 0.000010 0.000010 0.000010
0.000760 0.992854 0.000010 0.006365 0.000010
0.000010 0.999960 0.000010 0.000010 0.000010
0.000010 0.999960 0.000010 0.000010 0.000010
0.000010 0.897366 0.000010 0.076910 0.025704
0.012060 0.932664 0.000010 0.052100 0.003167
0.003147 0.924177 0.000010 0.058615 0.014051
0.000010 0.932794 0.004393 0.019867 0.042936
0.010378 0.908777 0.005766 0.040604 0.034474
0.001711 0.936751 0.000010 0.061518 0.000010
0.000010 0.999960 0.000010 0.000010 0.000010
0.000010 0.999960 0.000010 0.000010 0.000010
0.000010 0.999960 0.000010 0.000010 0.000010
0.000010 0.960550 0.000010 0.000010 0.039420
0.000010 0.966653 0.000148 0.009755 0.023434
0.000010 0.995221 0.000010 0.000010 0.004749
0.000010 0.961242 0.000010 0.000010 0.038728
0.000010 0.981091 0.000010 0.014205 0.004684
0.001304 0.943811 0.000010 0.000010 0.054864
0.000010 0.970374 0.000010 0.019410 0.010196
0.000010 0.985411 0.000010 0.014559 0.000010
0.000010 0.966260 0.000010 0.022945 0.010774
0.000012 0.999958 0.000010 0.000010 0.000010
0.000010 0.999960 0.000010 0.000010 0.000010
0.000010 0.999960 0.000010 0.000010 0.000010
0.000010 0.942345 0.000010 0.008905 0.048730
0.000010 0.951534 0.000010 0.024738 0.023708
0.002266 0.930062 0.000010 0.011722 0.055940
0.000010 0.999960 0.000010 0.000010 0.000010
0.000010 0.982913 0.000010 0.003074 0.013993
0.000010 0.999960 0.000010 0.000010 0.000010
0.012302 0.978473 0.002417 0.000010 0.006798
0.000010 0.999960 0.000010 0.000010 0.000010
0.000010 0.999960 0.000010 0.000010 0.000010
0.000010 0.986450 0.000010 0.000010 0.013520
0.000010 0.999960 0.000010 0.000010 0.000010
0.000010 0.999955 0.000015 0.000010 0.000010
0.001760 0.986936 0.000018 0.000010 0.011276
0.002859 0.950034 0.003359 0.000010 0.043738
0.006535 0.980101 0.002021 0.000010 0.011333
0.000010 0.999960 0.000010 0.000010 0.000010
0.000010 0.992564 0.000010 0.000010 0.007406
0.000010 0.982155 0.000010 0.000010 0.017815
0.000010 0.976631 0.000010 0.000010 0.023339
0.006452 0.956843 0.000010 0.000010 0.036685
0.008171 0.991799 0.000010 0.000010 0.000010
0.000010 0.999960 0.000010 0.000010 0.000010
0.000010 0.986883 0.005172 0.000010 0.007925
0.000010 0.944671 0.000010 0.000010 0.055299
0.999960 0.000010 0.000010 0.000010 0.000010
0.999960 0.000010 0.000010 0.000010 0.000010
0.961220 0.000010 0.000010 0.000010 0.038750
0.999960 0.000010 0.000010 0.000010 0.000010
0.999960 0.000010 0.000010 0.000010 0.000010
0.999960 0.000010 0.000010 0.000010 0.000010
0.999960 0.000010 0.000010 0.000010 0.000010
0.999960 0.000010 0.000010 0.000010 0.000010
0.996660 0.000010 0.000010 0.000010 0.003310
0.999960 0.000010 0.000010 0.000010 0.000010
0.999960 0.000010 0.000010 0.000010 0.000010
0.999960 0.000010 0.000010 0.000010 0.000010
0.999960 0.000010 0.000010 0.000010 0.000010
0.999960 0.000010 0.000010 0.000010 0.000010
0.999960 0.000010 0.000010 0.000010 0.000010
0.999960 0.000010 0.000010 0.000010 0.000010
0.997242 0.002728 0.000010 0.000010 0.000010
0.999960 0.000010 0.000010 0.000010 0.000010
0.999960 0.000010 0.000010 0.000010 0.000010
0.999960 0.000010 0.000010 0.000010 0.000010
0.999960 0.000010 0.000010 0.000010 0.000010
0.999960 0.000010 0.000010 0.000010 0.000010
0.999960 0.000010 0.000010 0.000010 0.000010
0.973258 0.010191 0.000010 0.000010 0.016531
0.990396 0.000010 0.000010 0.000010 0.009574
0.981694 0.001029 0.000010 0.000010 0.017258
0.965963 0.000010 0.000010 0.000010 0.034007
0.973943 0.000010 0.000010 0.000010 0.026027
0.953082 0.000010 0.000010 0.000010 0.046888
0.961226 0.000751 0.000010 0.000010 0.038004
0.956894 0.000013 0.001997 0.000010 0.041086
0.999960 0.000010 0.000010 0.000010 0.000010
0.991508 0.000010 0.000010 0.000010 0.008462
0.992408 0.000010 0.007562 0.000010 0.000010
0.977689 0.000010 0.003558 0.000010 0.018733
0.967136 0.000010 0.000010 0.000010 0.032834
0.992737 0.007233 0.000010 0.000010 0.000010
0.999960 0.000010 0.000010 0.000010 0.000010
0.975737 0.000010 0.000010 0.000010 0.024233
0.999960 0.000010 0.000010 0.000010 0.000010
0.979688 0.009936 0.000010 0.000010 0.010356
0.979404 0.010889 0.000010 0.000010 0.009687
0.956095 0.000010 0.017180 0.000010 0.026705
0.999960 0.000010 0.000010 0.000010 0.000010
0.948181 0.000010 0.000010 0.000010 0.051789
0.976161 0.007608 0.005848 0.000010 0.010373
0.971658 0.007495 0.000010 0.000010 0.020827
0.952227 0.000010 0.000010 0.000010 0.047743
0.973559 0.000010 0.000010 0.000010 0.026411
0.999960 0.000010 0.000010 0.000010 0.000010
0.994744 0.000010 0.000010 0.000010 0.005226
0.987406 0.000010 0.000010 0.000010 0.012564
0.968721 0.000010 0.000010 0.000010 0.031249
0.955883 0.028546 0.001839 0.000010 0.013722
0.995774 0.000010 0.004196 0.000010 0.000010
0.967705 0.000010 0.000530 0.000010 0.031746
0.000010 0.211604 0.000010 0.751023 0.037353
0.039597 0.168297 0.000010 0.526343 0.265753
0.000010 0.231998 0.000010 0.641328 0.126654
0.000010 0.000010 0.002372 0.989188 0.008421
0.000010 0.213098 0.000010 0.768967 0.017914
0.000010 0.064553 0.028320 0.907107 0.000010
0.000010 0.099252 0.011245 0.874006 0.015487
0.000010 0.184933 0.008205 0.785758 0.021094
0.000010 0.000010 0.000010 0.999960 0.000010
0.000010 0.104359 0.001547 0.873006 0.021079
0.003666 0.092159 0.010063 0.870336 0.023777
0.000010 0.212808 0.000010 0.787162 0.000010
0.000014 0.084204 0.012346 0.895135 0.008301
0.000010 0.143258 0.762656 0.064041 0.030034
0.000010 0.278172 0.619586 0.075717 0.026514
0.000010 0.127233 0.000010 0.872737 0.000010
0.000010 0.066054 0.000010 0.933916 0.000010
0.005711 0.090792 0.009047 0.894440 0.000010
0.000010 0.087255 0.009658 0.903066 0.000010
0.000010 0.218895 0.719195 0.045256 0.016644
0.000010 0.000010 0.000010 0.999960 0.000010
0.000010 0.021919 0.000010 0.978051 0.000010
0.000010 0.000010 0.000010 0.999960 0.000010
0.000010 0.000010 0.000010 0.999960 0.000010
0.000010 0.074863 0.925107 0.000010 0.000010
0.015169 0.220413 0.764244 0.000010 0.000163
0.000010 0.168712 0.831258 0.000010 0.000010
0.000010 0.009101 0.990869 0.000010 0.000010
0.000010 0.017564 0.958455 0.000010 0.023961
0.000010 0.051089 0.948881 0.000010 0.000010
0.000010 0.000010 0.999960 0.000010 0.000010
0.000010 0.075069 0.691297 0.204400 0.029224
0.000010 0.000010 0.938971 0.060999 0.000010
0.000010 0.000010 0.999960 0.000010 0.000010
0.000010 0.000010 0.999960 0.000010 0.000010
0.000010 0.000010 0.999960 0.000010 0.000010
0.000010 0.034783 0.965187 0.000010 0.000010
0.000010 0.191824 0.692994 0.108094 0.007077
0.000010 0.049604 0.900404 0.043067 0.006915
0.000010 0.103808 0.857001 0.000010 0.039171
0.026299 0.269345 0.665708 0.012169 0.026479
0.000010 0.283519 0.682765 0.004929 0.028776
0.000010 0.096706 0.903264 0.000010 0.000010
0.000010 0.208503 0.781017 0.000010 0.010460
0.000010 0.171518 0.828452 0.000010 0.000010
0.000010 0.000010 0.999960 0.000010 0.000010
0.000010 0.077343 0.907273 0.000010 0.015364
0.000010 0.000010 0.999960 0.000010 0.000010
0.349482 0.000010 0.650488 0.000010 0.000010
0.005357 0.088689 0.844096 0.061848 0.000010
0.159281 0.024754 0.789236 0.000010 0.026719
0.000010 0.544773 0.378325 0.076882 0.000010
0.000010 0.125197 0.628618 0.217322 0.028853
0.000010 0.334909 0.604959 0.051456 0.008665
0.000010 0.086704 0.809585 0.067433 0.036268
0.000010 0.000010 0.999960 0.000010 0.000010
0.000010 0.006765 0.993205 0.000010 0.000010
0.000010 0.042174 0.957796 0.000010 0.000010
0.000010 0.000010 0.999960 0.000010 0.000010
0.000010 0.000010 0.999960 0.000010 0.000010
0.000010 0.056253 0.019173 0.924554 0.000010
0.019705 0.149355 0.033544 0.797386 0.000010
0.000010 0.198987 0.021897 0.777984 0.001122
0.000010 0.412028 0.000010 0.553356 0.034597
0.000010 0.248679 0.744826 0.000010 0.006475
0.000010 0.000010 0.999960 0.000010 0.000010
0.000010 0.000010 0.999960 0.000010 0.000010
0.002402 0.343732 0.653847 0.000010 0.000010
0.000010 0.088872 0.626729 0.282228 0.002161
0.000010 0.145001 0.584752 0.263683 0.006554
0.000010 0.084736 0.904007 0.002430 0.008817
0.000010 0.000010 0.999960 0.000010 0.000010
0.000010 0.006011 0.993959 0.000010 0.000010
0.000010 0.141718 0.858252 0.000010 0.000010
0.000010 0.065470 0.934500 0.000010 0.000010
0.000010 0.145492 0.854478 0.000010 0.000010
0.014772 0.346647 0.632036 0.000010 0.006535
0.000010 0.177198 0.822772 0.000010 0.000010
0.000010 0.286789 0.713181 0.000010 0.000010
0.000010 0.114680 0.885290 0.000010 0.000010
0.000010 0.240305 0.723533 0.000010 0.036142
0.000010 0.132487 0.867483 0.000010 0.000010
0.000010 0.044006 0.002549 0.953425 0.000010
0.000010 0.204544 0.000010 0.792198 0.003238
0.014119 0.066456 0.009043 0.910371 0.000010
0.000010 0.568259 0.000010 0.393151 0.038571
0.000010 0.215232 0.025350 0.750394 0.009014
0.000010 0.021922 0.000010 0.978048 0.000010
0.000010 0.096807 0.903163 0.000010 0.000010
0.000010 0.000010 0.999960 0.000010 0.000010
0.000010 0.000010 0.999960 0.000010 0.000010
0.005684 0.000010 0.951150 0.000010 0.043145
0.000010 0.000010 0.966291 0.000010 0.033679
0.000010 0.025300 0.945143 0.000010 0.029537
0.000010 0.028240 0.971730 0.000010 0.000010
0.000010 0.000010 0.999960 0.000010 0.000010
0.000010 0.019038 0.980932 0.000010 0.000010
